# Epoch	Train_Loss	Val_Loss	Train_Phys	Val_Phys
1.000000e+00	2.156853e-01	1.958645e-01	8.199503e-03	1.748133e-02
2.000000e+00	1.371083e-01	1.252026e-01	1.496321e-02	1.360848e-02
3.000000e+00	1.031093e-01	1.146958e-01	1.220439e-02	1.680925e-02
4.000000e+00	8.645222e-02	1.034423e-01	1.720295e-02	2.256717e-02
5.000000e+00	8.016783e-02	9.932368e-02	1.980927e-02	2.354421e-02
6.000000e+00	7.604954e-02	9.255989e-02	2.230837e-02	2.842367e-02
7.000000e+00	7.181553e-02	8.891301e-02	2.525760e-02	3.034222e-02
8.000000e+00	6.873787e-02	8.605462e-02	2.750907e-02	3.356106e-02
9.000000e+00	6.616315e-02	8.199218e-02	3.018686e-02	3.693756e-02
1.000000e+01	6.354755e-02	7.940494e-02	3.280041e-02	3.943776e-02
1.100000e+01	6.145936e-02	7.697444e-02	3.538888e-02	4.247531e-02
1.200000e+01	6.001389e-02	7.531323e-02	3.615387e-02	4.611238e-02
1.300000e+01	5.831785e-02	7.605305e-02	3.880284e-02	4.240678e-02
1.400000e+01	5.789317e-02	7.161403e-02	3.890951e-02	4.461303e-02
1.500000e+01	5.517950e-02	7.315871e-02	3.871401e-02	5.033267e-02
1.600000e+01	5.537573e-02	6.677798e-02	3.966569e-02	4.682633e-02
1.700000e+01	5.270074e-02	6.627844e-02	3.994219e-02	4.476140e-02
1.800000e+01	5.118737e-02	6.405458e-02	3.863626e-02	4.549251e-02
1.900000e+01	5.111459e-02	6.508669e-02	3.708111e-02	4.606050e-02
2.000000e+01	5.090906e-02	6.383625e-02	3.629537e-02	4.395730e-02
2.100000e+01	5.141695e-02	6.725475e-02	3.638121e-02	4.280848e-02
2.200000e+01	4.951936e-02	6.090280e-02	3.418499e-02	3.887971e-02
2.300000e+01	4.886614e-02	6.092396e-02	3.255778e-02	3.698522e-02
2.400000e+01	4.906768e-02	6.191834e-02	3.093442e-02	3.664165e-02
2.500000e+01	4.874553e-02	6.130454e-02	2.997564e-02	3.633548e-02
2.600000e+01	4.716253e-02	6.043199e-02	2.867024e-02	3.413334e-02
2.700000e+01	4.741749e-02	5.935220e-02	2.806292e-02	3.112084e-02
2.800000e+01	4.838801e-02	6.122342e-02	2.694474e-02	2.881052e-02
2.900000e+01	4.827141e-02	6.586406e-02	2.639702e-02	2.699151e-02
3.000000e+01	4.979893e-02	6.049253e-02	2.516896e-02	2.823265e-02
3.100000e+01	4.895481e-02	6.311195e-02	2.429978e-02	3.157261e-02
3.200000e+01	5.099087e-02	5.945972e-02	2.444330e-02	2.927415e-02
3.300000e+01	4.889165e-02	6.191810e-02	2.421070e-02	2.681790e-02
3.400000e+01	4.738971e-02	5.842678e-02	2.324830e-02	2.571891e-02
3.500000e+01	4.629236e-02	5.905074e-02	2.238750e-02	2.685657e-02
3.600000e+01	4.675160e-02	6.062398e-02	2.190973e-02	2.474274e-02
3.700000e+01	4.758875e-02	5.845826e-02	2.163803e-02	2.430483e-02
3.800000e+01	4.668452e-02	5.794024e-02	2.104109e-02	2.385743e-02
3.900000e+01	4.678221e-02	5.889743e-02	2.032898e-02	2.384213e-02
4.000000e+01	4.677755e-02	5.731661e-02	2.015951e-02	2.297786e-02
4.100000e+01	4.661069e-02	6.377828e-02	2.018847e-02	2.231415e-02
4.200000e+01	4.834859e-02	5.945765e-02	1.957259e-02	2.195611e-02
4.300000e+01	4.768213e-02	5.918597e-02	1.909490e-02	2.199693e-02
4.400000e+01	4.735995e-02	5.730836e-02	1.843226e-02	2.157036e-02
4.500000e+01	4.651835e-02	5.772156e-02	1.851641e-02	2.097118e-02
4.600000e+01	4.648801e-02	5.755613e-02	1.825745e-02	2.130376e-02
4.700000e+01	4.602591e-02	5.990162e-02	1.840506e-02	2.034955e-02
4.800000e+01	4.745306e-02	5.704251e-02	1.831833e-02	2.094209e-02
4.900000e+01	4.634200e-02	5.803163e-02	1.832387e-02	1.946200e-02
5.000000e+01	4.745611e-02	6.145214e-02	1.786532e-02	1.835315e-02
5.100000e+01	4.711230e-02	5.676232e-02	1.709163e-02	1.913860e-02
5.200000e+01	4.694688e-02	5.965597e-02	1.675486e-02	1.869390e-02
5.300000e+01	4.855807e-02	6.047171e-02	1.661540e-02	1.722717e-02
5.400000e+01	5.123998e-02	6.199193e-02	1.644306e-02	1.673089e-02
5.500000e+01	4.887668e-02	5.928908e-02	1.627817e-02	1.727629e-02
5.600000e+01	4.762218e-02	5.717542e-02	1.578258e-02	1.843845e-02
5.700000e+01	4.577980e-02	5.948575e-02	1.557484e-02	1.659363e-02
5.800000e+01	4.748255e-02	6.270328e-02	1.559902e-02	1.567065e-02
5.900000e+01	4.782087e-02	5.861942e-02	1.515879e-02	1.682652e-02
6.000000e+01	4.753956e-02	5.763903e-02	1.516066e-02	1.836688e-02
6.100000e+01	4.848742e-02	5.895567e-02	1.556078e-02	1.687338e-02
6.200000e+01	4.899307e-02	5.829172e-02	1.534513e-02	1.689265e-02
6.300000e+01	4.739989e-02	5.796785e-02	1.505636e-02	1.844650e-02
6.400000e+01	4.706116e-02	5.748877e-02	1.508659e-02	1.754557e-02
6.500000e+01	4.639309e-02	5.692138e-02	1.501781e-02	1.733940e-02
6.600000e+01	4.600411e-02	5.867298e-02	1.520311e-02	1.601443e-02
6.700000e+01	4.667331e-02	5.746942e-02	1.496686e-02	1.645481e-02
6.800000e+01	4.664125e-02	5.693010e-02	1.498387e-02	1.719133e-02
6.900000e+01	4.550213e-02	5.761413e-02	1.484599e-02	1.725402e-02
7.000000e+01	4.667868e-02	5.645455e-02	1.480069e-02	1.659102e-02
7.100000e+01	4.643897e-02	5.958341e-02	1.470954e-02	1.554077e-02
7.200000e+01	4.602211e-02	5.684252e-02	1.459503e-02	1.629367e-02
7.300000e+01	4.579484e-02	5.650751e-02	1.437956e-02	1.614449e-02
7.400000e+01	4.550450e-02	6.113080e-02	1.440574e-02	1.527886e-02
7.500000e+01	4.869898e-02	5.922896e-02	1.421775e-02	1.482572e-02
7.600000e+01	4.634863e-02	5.670410e-02	1.412059e-02	1.638455e-02
7.700000e+01	4.628874e-02	5.673073e-02	1.429348e-02	1.670288e-02
7.800000e+01	4.748478e-02	5.879475e-02	1.447659e-02	1.772434e-02
7.900000e+01	4.783834e-02	5.894671e-02	1.452679e-02	1.699046e-02
8.000000e+01	4.597625e-02	5.707560e-02	1.431483e-02	1.644541e-02
8.100000e+01	4.898035e-02	5.994537e-02	1.412314e-02	1.707987e-02
8.200000e+01	4.784005e-02	5.716253e-02	1.396937e-02	1.666251e-02
8.300000e+01	4.665130e-02	5.768478e-02	1.403360e-02	1.643797e-02
8.400000e+01	4.609203e-02	5.670655e-02	1.434679e-02	1.552058e-02
8.500000e+01	4.615880e-02	5.854123e-02	1.399123e-02	1.505554e-02
8.600000e+01	4.628112e-02	5.676739e-02	1.393658e-02	1.554035e-02
8.700000e+01	4.575258e-02	5.804756e-02	1.376729e-02	1.650413e-02
8.800000e+01	4.679744e-02	5.733750e-02	1.388246e-02	1.597092e-02
8.900000e+01	4.623258e-02	5.820589e-02	1.370101e-02	1.459644e-02
9.000000e+01	4.655053e-02	5.919535e-02	1.353794e-02	1.408932e-02
9.100000e+01	4.862401e-02	5.717836e-02	1.316490e-02	1.536542e-02
9.200000e+01	4.716533e-02	5.921787e-02	1.361722e-02	1.526316e-02
9.300000e+01	4.707783e-02	5.828002e-02	1.353754e-02	1.436122e-02
9.400000e+01	4.680045e-02	5.765971e-02	1.329810e-02	1.409801e-02
9.500000e+01	4.907343e-02	5.719853e-02	1.302862e-02	1.457075e-02
9.600000e+01	4.821944e-02	5.827360e-02	1.282068e-02	1.572921e-02
9.700000e+01	4.736066e-02	5.770991e-02	1.299504e-02	1.501638e-02
9.800000e+01	4.615732e-02	5.749970e-02	1.302032e-02	1.442909e-02
9.900000e+01	4.637076e-02	5.751109e-02	1.305296e-02	1.444353e-02
1.000000e+02	4.611092e-02	5.748962e-02	1.319320e-02	1.528072e-02
1.010000e+02	4.682327e-02	5.838567e-02	1.323378e-02	1.564538e-02
1.020000e+02	4.680502e-02	5.610523e-02	1.309723e-02	1.479338e-02
1.030000e+02	4.550948e-02	5.778453e-02	1.284907e-02	1.524867e-02
1.040000e+02	4.615144e-02	5.643916e-02	1.294526e-02	1.448145e-02
1.050000e+02	4.574527e-02	5.649236e-02	1.280923e-02	1.414640e-02
1.060000e+02	4.848231e-02	6.030537e-02	1.272759e-02	1.510803e-02
1.070000e+02	4.671104e-02	5.665685e-02	1.256811e-02	1.379545e-02
1.080000e+02	4.602841e-02	5.721807e-02	1.266857e-02	1.366193e-02
1.090000e+02	4.689200e-02	5.641516e-02	1.264041e-02	1.461645e-02
1.100000e+02	4.637653e-02	6.085104e-02	1.243913e-02	1.558004e-02
1.110000e+02	4.838307e-02	5.740546e-02	1.271986e-02	1.476259e-02
1.120000e+02	4.781581e-02	5.989789e-02	1.256687e-02	1.449440e-02
1.130000e+02	4.714840e-02	5.700023e-02	1.269299e-02	1.445004e-02
1.140000e+02	4.645110e-02	6.109261e-02	1.255807e-02	1.604397e-02
1.150000e+02	4.705321e-02	6.285856e-02	1.274993e-02	1.617375e-02
1.160000e+02	4.762042e-02	5.780802e-02	1.299406e-02	1.518699e-02
1.170000e+02	4.547325e-02	5.775618e-02	1.305518e-02	1.368134e-02
1.180000e+02	4.656957e-02	5.890711e-02	1.272176e-02	1.369392e-02
1.190000e+02	4.655624e-02	5.640259e-02	1.270265e-02	1.392724e-02
1.200000e+02	4.623012e-02	5.916286e-02	1.276275e-02	1.374772e-02
1.210000e+02	4.803371e-02	5.715194e-02	1.231477e-02	1.436363e-02
1.220000e+02	4.581348e-02	5.727510e-02	1.262506e-02	1.367336e-02
1.230000e+02	4.589506e-02	5.648316e-02	1.252797e-02	1.379651e-02
1.240000e+02	4.769874e-02	5.810055e-02	1.262171e-02	1.353887e-02
1.250000e+02	4.692959e-02	5.618192e-02	1.238815e-02	1.447898e-02
1.260000e+02	4.668737e-02	5.720002e-02	1.264250e-02	1.342089e-02
1.270000e+02	4.619224e-02	5.709086e-02	1.255139e-02	1.378282e-02
1.280000e+02	4.611020e-02	6.066156e-02	1.281455e-02	1.280667e-02
1.290000e+02	4.790280e-02	6.626073e-02	1.258647e-02	1.282957e-02
1.300000e+02	4.985851e-02	6.471893e-02	1.279273e-02	1.293642e-02
1.310000e+02	4.844581e-02	5.691759e-02	1.253134e-02	1.396772e-02
1.320000e+02	4.622435e-02	5.723792e-02	1.249393e-02	1.421267e-02
1.330000e+02	4.555876e-02	5.897941e-02	1.280030e-02	1.381043e-02
1.340000e+02	4.609392e-02	5.738087e-02	1.291268e-02	1.359884e-02
1.350000e+02	4.588369e-02	5.705255e-02	1.272301e-02	1.370159e-02
1.360000e+02	4.701618e-02	5.928981e-02	1.270336e-02	1.322376e-02
1.370000e+02	4.695787e-02	5.714632e-02	1.279029e-02	1.428796e-02
1.380000e+02	4.739821e-02	5.626472e-02	1.271665e-02	1.391157e-02
1.390000e+02	4.644996e-02	5.605136e-02	1.261333e-02	1.439988e-02
1.400000e+02	4.660113e-02	5.797408e-02	1.277731e-02	1.380516e-02
1.410000e+02	4.708421e-02	5.812692e-02	1.265702e-02	1.400277e-02
1.420000e+02	4.659199e-02	6.517343e-02	1.285042e-02	1.289658e-02
1.430000e+02	4.789652e-02	6.210925e-02	1.271402e-02	1.335479e-02
1.440000e+02	4.857679e-02	6.227357e-02	1.284320e-02	1.303831e-02
1.450000e+02	4.707606e-02	5.725467e-02	1.284393e-02	1.397523e-02
1.460000e+02	4.567345e-02	5.748117e-02	1.287906e-02	1.565608e-02
1.470000e+02	4.593358e-02	5.918006e-02	1.298216e-02	1.559621e-02
1.480000e+02	4.794138e-02	5.819168e-02	1.332696e-02	1.407950e-02
1.490000e+02	4.634374e-02	5.676720e-02	1.298555e-02	1.500239e-02
1.500000e+02	4.645465e-02	5.587929e-02	1.303645e-02	1.462939e-02
1.510000e+02	4.578535e-02	5.680532e-02	1.324519e-02	1.417796e-02
1.520000e+02	4.585689e-02	5.827143e-02	1.298569e-02	1.350242e-02
1.530000e+02	4.711420e-02	5.750954e-02	1.274521e-02	1.357969e-02
1.540000e+02	4.765526e-02	5.886095e-02	1.283092e-02	1.393420e-02
1.550000e+02	4.624709e-02	5.685106e-02	1.273900e-02	1.343475e-02
1.560000e+02	4.539758e-02	5.580518e-02	1.237912e-02	1.396603e-02
1.570000e+02	4.507905e-02	5.890632e-02	1.245883e-02	1.265417e-02
1.580000e+02	4.628990e-02	5.586083e-02	1.213973e-02	1.357430e-02
1.590000e+02	4.561798e-02	5.795246e-02	1.238226e-02	1.350972e-02
1.600000e+02	4.571586e-02	5.823877e-02	1.221173e-02	1.440172e-02
1.610000e+02	4.604908e-02	5.631786e-02	1.246621e-02	1.410225e-02
1.620000e+02	4.527465e-02	5.662964e-02	1.262485e-02	1.371762e-02
1.630000e+02	4.591710e-02	5.593124e-02	1.274707e-02	1.436738e-02
1.640000e+02	4.600770e-02	5.702128e-02	1.274242e-02	1.480012e-02
1.650000e+02	4.687790e-02	5.649674e-02	1.258171e-02	1.410232e-02
1.660000e+02	4.832338e-02	5.746131e-02	1.256862e-02	1.433116e-02
1.670000e+02	4.650158e-02	5.840311e-02	1.259986e-02	1.506419e-02
1.680000e+02	4.637482e-02	5.814428e-02	1.276004e-02	1.353291e-02
1.690000e+02	4.563580e-02	5.826304e-02	1.270868e-02	1.410938e-02
1.700000e+02	4.888144e-02	5.622783e-02	1.273579e-02	1.474456e-02
1.710000e+02	4.738165e-02	5.829204e-02	1.272479e-02	1.460999e-02
1.720000e+02	4.612601e-02	5.627457e-02	1.281159e-02	1.435824e-02
1.730000e+02	4.553613e-02	5.702811e-02	1.281448e-02	1.455862e-02
1.740000e+02	4.632343e-02	5.802280e-02	1.266778e-02	1.564177e-02
1.750000e+02	4.702073e-02	6.001533e-02	1.281901e-02	1.609114e-02
1.760000e+02	4.652496e-02	5.664614e-02	1.278268e-02	1.406958e-02
1.770000e+02	4.773635e-02	5.677978e-02	1.266156e-02	1.357321e-02
1.780000e+02	4.584874e-02	5.684987e-02	1.242856e-02	1.350881e-02
1.790000e+02	4.698465e-02	5.658208e-02	1.236323e-02	1.439522e-02
1.800000e+02	4.648620e-02	5.920094e-02	1.224615e-02	1.526334e-02
1.810000e+02	4.827952e-02	5.659107e-02	1.254254e-02	1.471776e-02
1.820000e+02	4.602555e-02	5.619133e-02	1.264107e-02	1.468452e-02
1.830000e+02	4.551113e-02	5.615838e-02	1.252005e-02	1.404157e-02
1.840000e+02	4.570541e-02	5.627474e-02	1.237659e-02	1.310076e-02
1.850000e+02	4.555395e-02	5.689587e-02	1.197170e-02	1.295283e-02
1.860000e+02	4.645960e-02	5.688062e-02	1.179356e-02	1.311673e-02
1.870000e+02	4.571517e-02	5.824944e-02	1.178793e-02	1.260695e-02
1.880000e+02	4.718402e-02	5.669269e-02	1.166516e-02	1.271996e-02
1.890000e+02	4.642149e-02	5.670592e-02	1.174254e-02	1.262243e-02
1.900000e+02	4.568057e-02	5.914724e-02	1.200992e-02	1.224544e-02
1.910000e+02	4.621044e-02	5.590472e-02	1.201287e-02	1.321401e-02
1.920000e+02	4.516568e-02	5.617889e-02	1.204013e-02	1.403555e-02
1.930000e+02	4.593205e-02	5.617207e-02	1.234818e-02	1.309718e-02
1.940000e+02	4.532328e-02	5.682264e-02	1.188076e-02	1.320900e-02
1.950000e+02	4.611320e-02	5.751627e-02	1.187666e-02	1.329979e-02
1.960000e+02	4.685171e-02	5.685131e-02	1.193415e-02	1.275785e-02
1.970000e+02	4.697467e-02	5.562853e-02	1.193306e-02	1.346676e-02
1.980000e+02	4.606282e-02	5.627314e-02	1.179925e-02	1.380417e-02
1.990000e+02	4.661759e-02	5.646523e-02	1.172972e-02	1.315824e-02
2.000000e+02	4.783819e-02	5.663545e-02	1.172188e-02	1.401074e-02
2.010000e+02	4.866535e-02	5.628188e-02	1.213745e-02	1.338153e-02
2.020000e+02	4.617198e-02	5.598635e-02	1.209425e-02	1.345401e-02
2.030000e+02	4.551023e-02	5.751725e-02	1.215037e-02	1.280774e-02
2.040000e+02	4.537433e-02	5.603689e-02	1.207646e-02	1.353303e-02
2.050000e+02	4.596604e-02	5.708613e-02	1.211648e-02	1.419878e-02
2.060000e+02	4.723605e-02	5.774634e-02	1.227503e-02	1.462159e-02
2.070000e+02	4.608846e-02	5.615554e-02	1.235255e-02	1.394985e-02
2.080000e+02	4.565953e-02	5.686139e-02	1.247129e-02	1.323564e-02
2.090000e+02	4.574997e-02	5.804506e-02	1.227666e-02	1.402123e-02
2.100000e+02	4.663408e-02	5.579221e-02	1.242660e-02	1.374596e-02
2.110000e+02	4.560221e-02	5.750853e-02	1.220777e-02	1.369815e-02
2.120000e+02	4.632969e-02	5.693074e-02	1.227692e-02	1.423983e-02
2.130000e+02	4.730675e-02	5.656302e-02	1.245408e-02	1.371275e-02
2.140000e+02	4.710258e-02	5.662327e-02	1.250044e-02	1.362914e-02
2.150000e+02	4.539492e-02	5.572844e-02	1.250111e-02	1.417111e-02
2.160000e+02	4.566406e-02	5.651396e-02	1.275946e-02	1.370735e-02
2.170000e+02	4.638751e-02	5.986164e-02	1.274001e-02	1.493986e-02
2.180000e+02	4.796593e-02	5.724895e-02	1.279813e-02	1.493094e-02
2.190000e+02	4.781205e-02	5.732633e-02	1.264090e-02	1.390626e-02
2.200000e+02	4.591819e-02	5.667178e-02	1.260491e-02	1.368334e-02
2.210000e+02	4.544754e-02	5.999580e-02	1.248634e-02	1.559685e-02
2.220000e+02	4.689877e-02	5.636142e-02	1.277558e-02	1.421593e-02
2.230000e+02	4.607149e-02	5.819444e-02	1.282576e-02	1.473849e-02
2.240000e+02	4.639353e-02	5.666505e-02	1.306881e-02	1.502846e-02
2.250000e+02	4.502622e-02	5.591428e-02	1.299326e-02	1.417034e-02
2.260000e+02	4.544502e-02	5.715339e-02	1.292104e-02	1.368856e-02
2.270000e+02	4.516381e-02	5.548771e-02	1.276462e-02	1.409375e-02
2.280000e+02	4.476729e-02	5.619840e-02	1.280921e-02	1.383391e-02
2.290000e+02	4.532180e-02	5.588017e-02	1.257502e-02	1.344144e-02
2.300000e+02	4.547843e-02	5.586369e-02	1.242462e-02	1.340615e-02
2.310000e+02	4.555903e-02	5.603899e-02	1.235381e-02	1.414093e-02
2.320000e+02	4.548164e-02	5.613625e-02	1.235113e-02	1.375458e-02
2.330000e+02	4.496504e-02	5.788981e-02	1.218019e-02	1.379844e-02
2.340000e+02	4.563998e-02	5.600789e-02	1.210985e-02	1.367592e-02
2.350000e+02	4.536114e-02	5.716518e-02	1.213665e-02	1.271307e-02
2.360000e+02	4.542530e-02	5.609449e-02	1.206173e-02	1.289566e-02
2.370000e+02	4.522411e-02	5.613573e-02	1.224993e-02	1.419108e-02
2.380000e+02	4.604566e-02	5.757636e-02	1.252346e-02	1.317401e-02
2.390000e+02	4.633400e-02	5.691422e-02	1.246295e-02	1.357535e-02
2.400000e+02	4.566452e-02	5.564748e-02	1.260615e-02	1.391244e-02
2.410000e+02	4.522266e-02	5.753425e-02	1.251531e-02	1.425786e-02
2.420000e+02	4.788881e-02	5.784826e-02	1.251228e-02	1.282375e-02
2.430000e+02	4.686683e-02	5.549970e-02	1.198023e-02	1.320234e-02
2.440000e+02	4.557056e-02	5.737666e-02	1.190210e-02	1.365859e-02
2.450000e+02	4.570400e-02	5.626526e-02	1.214902e-02	1.386255e-02
2.460000e+02	4.671745e-02	5.598341e-02	1.215247e-02	1.277978e-02
2.470000e+02	4.509749e-02	5.661101e-02	1.178264e-02	1.291875e-02
2.480000e+02	4.505713e-02	5.719906e-02	1.177027e-02	1.279561e-02
2.490000e+02	4.522936e-02	5.536779e-02	1.187554e-02	1.306306e-02
2.500000e+02	4.546419e-02	5.752553e-02	1.189141e-02	1.322034e-02
2.510000e+02	4.542756e-02	6.228940e-02	1.173477e-02	1.438542e-02
2.520000e+02	4.768904e-02	5.717019e-02	1.207189e-02	1.343743e-02
2.530000e+02	4.663742e-02	5.951102e-02	1.220536e-02	1.498758e-02
2.540000e+02	4.745584e-02	5.775909e-02	1.219098e-02	1.418622e-02
2.550000e+02	4.693877e-02	5.798986e-02	1.194211e-02	1.300094e-02
2.560000e+02	4.750025e-02	5.961222e-02	1.212205e-02	1.265482e-02
2.570000e+02	4.587230e-02	5.678521e-02	1.211719e-02	1.318357e-02
2.580000e+02	4.541162e-02	5.734818e-02	1.226947e-02	1.271659e-02
2.590000e+02	4.680921e-02	5.756665e-02	1.225383e-02	1.286023e-02
2.600000e+02	4.653432e-02	5.698028e-02	1.233702e-02	1.286512e-02
2.610000e+02	4.527942e-02	5.677900e-02	1.220600e-02	1.357084e-02
2.620000e+02	4.613049e-02	5.557038e-02	1.214193e-02	1.294003e-02
2.630000e+02	4.647726e-02	5.720275e-02	1.202148e-02	1.219206e-02
2.640000e+02	4.674575e-02	5.685882e-02	1.178658e-02	1.236014e-02
2.650000e+02	4.532229e-02	5.538844e-02	1.170121e-02	1.286850e-02
2.660000e+02	4.484013e-02	5.599026e-02	1.174352e-02	1.281472e-02
2.670000e+02	4.492304e-02	5.726531e-02	1.165583e-02	1.286728e-02
2.680000e+02	4.606000e-02	5.977033e-02	1.170352e-02	1.430100e-02
2.690000e+02	4.715620e-02	5.767973e-02	1.187995e-02	1.400869e-02
2.700000e+02	4.723029e-02	5.833754e-02	1.193121e-02	1.323576e-02
2.710000e+02	4.670842e-02	5.717509e-02	1.164334e-02	1.238544e-02
2.720000e+02	4.640269e-02	5.615065e-02	1.175459e-02	1.228756e-02
2.730000e+02	4.707792e-02	5.967509e-02	1.169921e-02	1.150475e-02
2.740000e+02	4.769594e-02	5.948679e-02	1.166154e-02	1.167132e-02
2.750000e+02	4.789433e-02	6.762753e-02	1.159574e-02	1.182256e-02
2.760000e+02	5.091653e-02	6.119518e-02	1.140247e-02	1.264979e-02
2.770000e+02	4.741282e-02	5.734922e-02	1.128900e-02	1.238895e-02
2.780000e+02	4.586924e-02	5.591769e-02	1.122589e-02	1.217964e-02
2.790000e+02	4.491064e-02	5.593539e-02	1.139720e-02	1.214925e-02
2.800000e+02	4.508478e-02	5.570960e-02	1.152795e-02	1.269913e-02
2.810000e+02	4.540071e-02	5.732264e-02	1.172155e-02	1.363884e-02
2.820000e+02	4.619694e-02	5.570579e-02	1.202479e-02	1.314942e-02
2.830000e+02	4.537158e-02	5.653433e-02	1.207450e-02	1.314329e-02
2.840000e+02	4.665908e-02	5.671203e-02	1.216567e-02	1.331896e-02
2.850000e+02	4.595731e-02	5.550764e-02	1.216134e-02	1.310497e-02
2.860000e+02	4.532787e-02	5.622577e-02	1.210076e-02	1.272713e-02
2.870000e+02	4.556038e-02	5.721497e-02	1.217387e-02	1.241993e-02
2.880000e+02	4.543471e-02	5.681914e-02	1.202102e-02	1.280545e-02
2.890000e+02	4.623460e-02	5.651812e-02	1.182396e-02	1.205023e-02
2.900000e+02	4.557415e-02	5.998248e-02	1.189473e-02	1.166904e-02
2.910000e+02	4.650081e-02	5.781270e-02	1.200119e-02	1.199227e-02
2.920000e+02	4.710945e-02	5.819042e-02	1.191629e-02	1.221632e-02
2.930000e+02	4.622540e-02	5.567323e-02	1.206524e-02	1.317646e-02
2.940000e+02	4.609115e-02	5.531342e-02	1.226018e-02	1.355752e-02
2.950000e+02	4.539270e-02	5.574131e-02	1.248916e-02	1.415501e-02
2.960000e+02	4.616130e-02	5.547561e-02	1.270158e-02	1.414789e-02
2.970000e+02	4.588872e-02	5.675908e-02	1.266749e-02	1.353307e-02
2.980000e+02	4.560805e-02	5.566477e-02	1.264987e-02	1.340458e-02
2.990000e+02	4.546897e-02	5.671781e-02	1.247810e-02	1.362814e-02
3.000000e+02	4.547376e-02	5.547919e-02	1.250352e-02	1.314426e-02
3.010000e+02	4.497506e-02	5.597783e-02	1.241919e-02	1.284013e-02
3.020000e+02	4.574708e-02	5.681174e-02	1.233781e-02	1.300826e-02
3.030000e+02	4.651325e-02	5.684829e-02	1.254330e-02	1.283027e-02
3.040000e+02	4.623435e-02	5.768906e-02	1.233523e-02	1.247354e-02
3.050000e+02	4.739414e-02	5.705356e-02	1.249785e-02	1.379632e-02
3.060000e+02	4.815886e-02	6.072539e-02	1.257274e-02	1.443500e-02
3.070000e+02	4.754026e-02	5.955672e-02	1.244029e-02	1.447686e-02
3.080000e+02	4.645135e-02	5.562042e-02	1.250580e-02	1.350390e-02
3.090000e+02	4.538272e-02	5.610729e-02	1.246593e-02	1.420261e-02
3.100000e+02	4.544130e-02	5.694369e-02	1.243773e-02	1.387972e-02
3.110000e+02	4.696284e-02	5.715934e-02	1.245595e-02	1.423995e-02
3.120000e+02	4.572488e-02	5.773987e-02	1.267475e-02	1.444025e-02
3.130000e+02	4.648779e-02	5.739142e-02	1.307170e-02	1.537850e-02
3.140000e+02	4.590617e-02	5.704606e-02	1.318482e-02	1.467818e-02
3.150000e+02	4.548839e-02	5.622520e-02	1.283284e-02	1.425743e-02
3.160000e+02	4.625340e-02	5.675557e-02	1.278240e-02	1.365294e-02
3.170000e+02	4.610160e-02	5.786929e-02	1.241867e-02	1.327992e-02
3.180000e+02	4.523548e-02	5.617451e-02	1.251061e-02	1.308523e-02
3.190000e+02	4.582431e-02	5.728519e-02	1.238634e-02	1.387959e-02
3.200000e+02	4.722436e-02	5.794233e-02	1.245156e-02	1.408353e-02
3.210000e+02	4.666529e-02	5.658991e-02	1.241412e-02	1.402014e-02
3.220000e+02	4.594927e-02	5.572470e-02	1.262916e-02	1.323521e-02
3.230000e+02	4.520778e-02	5.564687e-02	1.265842e-02	1.321400e-02
3.240000e+02	4.504432e-02	5.598650e-02	1.236131e-02	1.246117e-02
3.250000e+02	4.502765e-02	5.580494e-02	1.192460e-02	1.231143e-02
3.260000e+02	4.470362e-02	5.538346e-02	1.198155e-02	1.294573e-02
3.270000e+02	4.546715e-02	5.656140e-02	1.221217e-02	1.356196e-02
3.280000e+02	4.529607e-02	5.674183e-02	1.238744e-02	1.394775e-02
3.290000e+02	4.621986e-02	5.582269e-02	1.248852e-02	1.351057e-02
3.300000e+02	4.501476e-02	5.546526e-02	1.227622e-02	1.300809e-02
3.310000e+02	4.471890e-02	5.521762e-02	1.225745e-02	1.292143e-02
3.320000e+02	4.484601e-02	5.571605e-02	1.222768e-02	1.250948e-02
3.330000e+02	4.541059e-02	5.612623e-02	1.196344e-02	1.343231e-02
3.340000e+02	4.653591e-02	5.679902e-02	1.225733e-02	1.305654e-02
3.350000e+02	4.564394e-02	5.685217e-02	1.220372e-02	1.311827e-02
3.360000e+02	4.731046e-02	5.850928e-02	1.231922e-02	1.452462e-02
3.370000e+02	4.752700e-02	5.537321e-02	1.269666e-02	1.348539e-02
3.380000e+02	4.699871e-02	5.954961e-02	1.267369e-02	1.208570e-02
3.390000e+02	4.747734e-02	5.976440e-02	1.262168e-02	1.217390e-02
3.400000e+02	4.796998e-02	5.877748e-02	1.271759e-02	1.341027e-02
3.410000e+02	4.675451e-02	5.778309e-02	1.288428e-02	1.414797e-02
3.420000e+02	4.580583e-02	5.721447e-02	1.287051e-02	1.331369e-02
3.430000e+02	4.561543e-02	5.533314e-02	1.260885e-02	1.331749e-02
3.440000e+02	4.626521e-02	5.793300e-02	1.274266e-02	1.264144e-02
3.450000e+02	4.594712e-02	5.568625e-02	1.267254e-02	1.288546e-02
3.460000e+02	4.529289e-02	5.766389e-02	1.264168e-02	1.209498e-02
3.470000e+02	4.529670e-02	5.699027e-02	1.199432e-02	1.308942e-02
3.480000e+02	4.548919e-02	5.545077e-02	1.180359e-02	1.276530e-02
3.490000e+02	4.512193e-02	5.896937e-02	1.178133e-02	1.323797e-02
3.500000e+02	4.554027e-02	5.877235e-02	1.210228e-02	1.161353e-02
3.510000e+02	4.736972e-02	5.746666e-02	1.202369e-02	1.223258e-02
3.520000e+02	4.741239e-02	5.718453e-02	1.238086e-02	1.223663e-02
3.530000e+02	4.630636e-02	5.720248e-02	1.239870e-02	1.228680e-02
3.540000e+02	4.633641e-02	5.729381e-02	1.275262e-02	1.242198e-02
3.550000e+02	4.563548e-02	5.669921e-02	1.284871e-02	1.268330e-02
3.560000e+02	4.521643e-02	5.631927e-02	1.273707e-02	1.343844e-02
3.570000e+02	4.567284e-02	5.729157e-02	1.256775e-02	1.326180e-02
3.580000e+02	4.658954e-02	5.619873e-02	1.247964e-02	1.382205e-02
3.590000e+02	4.586521e-02	5.720828e-02	1.282704e-02	1.518356e-02
3.600000e+02	4.655951e-02	5.910676e-02	1.357259e-02	1.499408e-02
3.610000e+02	4.716007e-02	5.788491e-02	1.350155e-02	1.437654e-02
3.620000e+02	4.653437e-02	5.967901e-02	1.339371e-02	1.504706e-02
3.630000e+02	4.693114e-02	5.645081e-02	1.359751e-02	1.548164e-02
3.640000e+02	4.526585e-02	5.609833e-02	1.373669e-02	1.499694e-02
3.650000e+02	4.516565e-02	5.538010e-02	1.395962e-02	1.435480e-02
3.660000e+02	4.492927e-02	5.713142e-02	1.394052e-02	1.432066e-02
3.670000e+02	4.557798e-02	5.574608e-02	1.412830e-02	1.427840e-02
3.680000e+02	4.501741e-02	5.634532e-02	1.346463e-02	1.410198e-02
3.690000e+02	4.497753e-02	5.680555e-02	1.323145e-02	1.328966e-02
3.700000e+02	4.523341e-02	5.617306e-02	1.296889e-02	1.337313e-02
3.710000e+02	4.498751e-02	5.776054e-02	1.299659e-02	1.364594e-02
3.720000e+02	4.605128e-02	5.543405e-02	1.273915e-02	1.326218e-02
3.730000e+02	4.478398e-02	5.753041e-02	1.288588e-02	1.327735e-02
3.740000e+02	4.561922e-02	5.558662e-02	1.295352e-02	1.349018e-02
3.750000e+02	4.505854e-02	5.633118e-02	1.260686e-02	1.392836e-02
3.760000e+02	4.519309e-02	5.598630e-02	1.284590e-02	1.356291e-02
3.770000e+02	4.470002e-02	5.530480e-02	1.255234e-02	1.304715e-02
3.780000e+02	4.525150e-02	5.737984e-02	1.263645e-02	1.216463e-02
3.790000e+02	4.545438e-02	5.604561e-02	1.281426e-02	1.345727e-02
3.800000e+02	4.453129e-02	5.531760e-02	1.343412e-02	1.385940e-02
3.810000e+02	4.467534e-02	5.577616e-02	1.378347e-02	1.394448e-02
3.820000e+02	4.481342e-02	5.552171e-02	1.352926e-02	1.437807e-02
3.830000e+02	4.559164e-02	5.678058e-02	1.361919e-02	1.374888e-02
3.840000e+02	4.545699e-02	5.545541e-02	1.337286e-02	1.333459e-02
3.850000e+02	4.494784e-02	5.527004e-02	1.321704e-02	1.335149e-02
3.860000e+02	4.523305e-02	5.874104e-02	1.324649e-02	1.223646e-02
3.870000e+02	4.681446e-02	5.625535e-02	1.290730e-02	1.245055e-02
3.880000e+02	4.576251e-02	5.599873e-02	1.277612e-02	1.324716e-02
3.890000e+02	4.647634e-02	5.769448e-02	1.267722e-02	1.390721e-02
3.900000e+02	4.605222e-02	5.598478e-02	1.286137e-02	1.375946e-02
3.910000e+02	4.670372e-02	5.562048e-02	1.306366e-02	1.370860e-02
3.920000e+02	4.583322e-02	5.743458e-02	1.318880e-02	1.267439e-02
3.930000e+02	4.594223e-02	5.653753e-02	1.299287e-02	1.259248e-02
3.940000e+02	4.483071e-02	5.591111e-02	1.296006e-02	1.334494e-02
3.950000e+02	4.484758e-02	5.636293e-02	1.312213e-02	1.377163e-02
3.960000e+02	4.557864e-02	5.946128e-02	1.305095e-02	1.463325e-02
3.970000e+02	4.640554e-02	5.719927e-02	1.299476e-02	1.443531e-02
3.980000e+02	4.678560e-02	5.945208e-02	1.351303e-02	1.436756e-02
3.990000e+02	4.741031e-02	5.645851e-02	1.345672e-02	1.419736e-02
4.000000e+02	4.524384e-02	5.638782e-02	1.354180e-02	1.432136e-02
4.010000e+02	4.541961e-02	5.557346e-02	1.353519e-02	1.434252e-02
4.020000e+02	4.724432e-02	5.648014e-02	1.358687e-02	1.349492e-02
4.030000e+02	4.549010e-02	5.640886e-02	1.356948e-02	1.423891e-02
4.040000e+02	4.541251e-02	5.779130e-02	1.443056e-02	1.390484e-02
4.050000e+02	4.571586e-02	5.685918e-02	1.446152e-02	1.437616e-02
4.060000e+02	4.539666e-02	5.687196e-02	1.458831e-02	1.553374e-02
4.070000e+02	4.568227e-02	5.900455e-02	1.492160e-02	1.515213e-02
4.080000e+02	4.575941e-02	5.631652e-02	1.497522e-02	1.599333e-02
4.090000e+02	4.482730e-02	5.583438e-02	1.485024e-02	1.560717e-02
4.100000e+02	4.500292e-02	5.554938e-02	1.453401e-02	1.494901e-02
4.110000e+02	4.496571e-02	5.570417e-02	1.394423e-02	1.427752e-02
4.120000e+02	4.525478e-02	5.589283e-02	1.336608e-02	1.378360e-02
4.130000e+02	4.577078e-02	5.659261e-02	1.356463e-02	1.434354e-02
4.140000e+02	4.537290e-02	5.679568e-02	1.420573e-02	1.371421e-02
4.150000e+02	4.532161e-02	5.610297e-02	1.414744e-02	1.391512e-02
4.160000e+02	4.524655e-02	5.734261e-02	1.413142e-02	1.364272e-02
4.170000e+02	4.535907e-02	5.829000e-02	1.423160e-02	1.300313e-02
4.180000e+02	4.579475e-02	5.630913e-02	1.416117e-02	1.404385e-02
4.190000e+02	4.568081e-02	5.608746e-02	1.439610e-02	1.434848e-02
4.200000e+02	4.521777e-02	5.668914e-02	1.505212e-02	1.609640e-02
4.210000e+02	4.676182e-02	5.668187e-02	1.538545e-02	1.504935e-02
4.220000e+02	4.507266e-02	5.847217e-02	1.522496e-02	1.396666e-02
4.230000e+02	4.699218e-02	5.548599e-02	1.467173e-02	1.488434e-02
4.240000e+02	4.605016e-02	5.555205e-02	1.457633e-02	1.440931e-02
4.250000e+02	4.485530e-02	5.679220e-02	1.439686e-02	1.517533e-02
4.260000e+02	4.610904e-02	5.660017e-02	1.409942e-02	1.463530e-02
4.270000e+02	4.512470e-02	5.534010e-02	1.375142e-02	1.419913e-02
4.280000e+02	4.563345e-02	5.556387e-02	1.380657e-02	1.444461e-02
4.290000e+02	4.689289e-02	5.711775e-02	1.396476e-02	1.457501e-02
4.300000e+02	4.579306e-02	5.762900e-02	1.383237e-02	1.473760e-02
4.310000e+02	4.798211e-02	5.759896e-02	1.446779e-02	1.398901e-02
4.320000e+02	5.011741e-02	5.679483e-02	1.446615e-02	1.384495e-02
4.330000e+02	4.772736e-02	5.680879e-02	1.459945e-02	1.461733e-02
4.340000e+02	4.593365e-02	5.551871e-02	1.440879e-02	1.513193e-02
4.350000e+02	4.487063e-02	5.605679e-02	1.456776e-02	1.433155e-02
4.360000e+02	4.568297e-02	5.803005e-02	1.429985e-02	1.312577e-02
4.370000e+02	4.686113e-02	5.849969e-02	1.413685e-02	1.313949e-02
4.380000e+02	4.591695e-02	5.590932e-02	1.428245e-02	1.408004e-02
4.390000e+02	4.521807e-02	5.541776e-02	1.442315e-02	1.422510e-02
4.400000e+02	4.527936e-02	5.711324e-02	1.423123e-02	1.529013e-02
4.410000e+02	4.711773e-02	5.697729e-02	1.402917e-02	1.494333e-02
4.420000e+02	4.641221e-02	5.562777e-02	1.424948e-02	1.453259e-02
4.430000e+02	4.577307e-02	5.607262e-02	1.407429e-02	1.434008e-02
4.440000e+02	4.584760e-02	5.659139e-02	1.402091e-02	1.315798e-02
4.450000e+02	4.589270e-02	5.720817e-02	1.413430e-02	1.299101e-02
4.460000e+02	4.541770e-02	5.930163e-02	1.441087e-02	1.298208e-02
4.470000e+02	4.602680e-02	6.115333e-02	1.479472e-02	1.367715e-02
4.480000e+02	4.801192e-02	6.275021e-02	1.509959e-02	1.319190e-02
4.490000e+02	4.834777e-02	5.868362e-02	1.565063e-02	1.517703e-02
4.500000e+02	4.695686e-02	5.579557e-02	1.552471e-02	1.602888e-02
4.510000e+02	4.552976e-02	5.845919e-02	1.561453e-02	1.612683e-02
4.520000e+02	4.571171e-02	5.672107e-02	1.561374e-02	1.540660e-02
4.530000e+02	4.551098e-02	5.899381e-02	1.532534e-02	1.580931e-02
4.540000e+02	4.645228e-02	5.748919e-02	1.530378e-02	1.390045e-02
4.550000e+02	4.558250e-02	5.971425e-02	1.531552e-02	1.353131e-02
4.560000e+02	4.583108e-02	5.740476e-02	1.547965e-02	1.393616e-02
4.570000e+02	4.529198e-02	5.587940e-02	1.492317e-02	1.438762e-02
4.580000e+02	4.538562e-02	5.577842e-02	1.488975e-02	1.513932e-02
4.590000e+02	4.494129e-02	5.637266e-02	1.487840e-02	1.513955e-02
4.600000e+02	4.495440e-02	5.741918e-02	1.487938e-02	1.337656e-02
4.610000e+02	4.553640e-02	5.569502e-02	1.468178e-02	1.449127e-02
4.620000e+02	4.560939e-02	5.720139e-02	1.496117e-02	1.568626e-02
4.630000e+02	4.605755e-02	5.620145e-02	1.520924e-02	1.526935e-02
4.640000e+02	4.509338e-02	5.837244e-02	1.535090e-02	1.394906e-02
4.650000e+02	4.526800e-02	5.702562e-02	1.524825e-02	1.564251e-02
4.660000e+02	4.526458e-02	5.569838e-02	1.552585e-02	1.566568e-02
4.670000e+02	4.552914e-02	5.553848e-02	1.526418e-02	1.510628e-02
4.680000e+02	4.491326e-02	5.733463e-02	1.526164e-02	1.554408e-02
4.690000e+02	4.646183e-02	5.597259e-02	1.550111e-02	1.464660e-02
4.700000e+02	4.472470e-02	5.810625e-02	1.498429e-02	1.289720e-02
4.710000e+02	4.639177e-02	5.651003e-02	1.440657e-02	1.362560e-02
4.720000e+02	4.700208e-02	5.755765e-02	1.477741e-02	1.368703e-02
4.730000e+02	4.788089e-02	5.839303e-02	1.519005e-02	1.445435e-02
4.740000e+02	4.673917e-02	5.712465e-02	1.510628e-02	1.380190e-02
4.750000e+02	4.793721e-02	6.635821e-02	1.519113e-02	1.248443e-02
4.760000e+02	4.888131e-02	5.724183e-02	1.539019e-02	1.452580e-02
4.770000e+02	4.447255e-02	5.577585e-02	1.567949e-02	1.488930e-02
4.780000e+02	4.570812e-02	5.564560e-02	1.562200e-02	1.584462e-02
4.790000e+02	4.740836e-02	5.733696e-02	1.567384e-02	1.583137e-02
4.800000e+02	4.788670e-02	5.657781e-02	1.551590e-02	1.492199e-02
4.810000e+02	4.553165e-02	5.720852e-02	1.542306e-02	1.599723e-02
4.820000e+02	4.549796e-02	5.601431e-02	1.556046e-02	1.439986e-02
4.830000e+02	4.467295e-02	5.562659e-02	1.494451e-02	1.493197e-02
4.840000e+02	4.524672e-02	5.650071e-02	1.471344e-02	1.511865e-02
4.850000e+02	4.582420e-02	6.010222e-02	1.463933e-02	1.631327e-02
4.860000e+02	4.755169e-02	5.672618e-02	1.524733e-02	1.649704e-02
4.870000e+02	4.665313e-02	5.630228e-02	1.605243e-02	1.559692e-02
4.880000e+02	4.566162e-02	5.674997e-02	1.610552e-02	1.493184e-02
4.890000e+02	4.545004e-02	5.623421e-02	1.587288e-02	1.485227e-02
4.900000e+02	4.479420e-02	5.708772e-02	1.576228e-02	1.536346e-02
4.910000e+02	4.520275e-02	5.637842e-02	1.549496e-02	1.510123e-02
4.920000e+02	4.486049e-02	5.566632e-02	1.549976e-02	1.543365e-02
4.930000e+02	4.474470e-02	5.805452e-02	1.593326e-02	1.719600e-02
4.940000e+02	4.559335e-02	5.620256e-02	1.663516e-02	1.618348e-02
4.950000e+02	4.524456e-02	5.646211e-02	1.633263e-02	1.611141e-02
4.960000e+02	4.561880e-02	5.616361e-02	1.597162e-02	1.509771e-02
4.970000e+02	4.464995e-02	5.597296e-02	1.645201e-02	1.598053e-02
4.980000e+02	4.531047e-02	5.684238e-02	1.726038e-02	1.557864e-02
4.990000e+02	4.536914e-02	5.581096e-02	1.717162e-02	1.740797e-02
5.000000e+02	4.546455e-02	5.566528e-02	1.684718e-02	1.628301e-02
5.010000e+02	4.530355e-02	5.655687e-02	1.657742e-02	1.654422e-02
5.020000e+02	4.694287e-02	5.601509e-02	1.742700e-02	1.657867e-02
5.030000e+02	4.547308e-02	5.576047e-02	1.720143e-02	1.601933e-02
5.040000e+02	4.562612e-02	5.561329e-02	1.676886e-02	1.655157e-02
5.050000e+02	4.574159e-02	5.689165e-02	1.664717e-02	1.733019e-02
5.060000e+02	4.522361e-02	5.570460e-02	1.671279e-02	1.717849e-02
5.070000e+02	4.484829e-02	5.693371e-02	1.670310e-02	1.661325e-02
5.080000e+02	4.532118e-02	5.706213e-02	1.620305e-02	1.686924e-02
5.090000e+02	4.593277e-02	5.623439e-02	1.614903e-02	1.609515e-02
5.100000e+02	4.540959e-02	5.566726e-02	1.647833e-02	1.589537e-02
5.110000e+02	4.528645e-02	5.636159e-02	1.701974e-02	1.679012e-02
5.120000e+02	4.548491e-02	5.722987e-02	1.732979e-02	1.710685e-02
5.130000e+02	4.550714e-02	5.834448e-02	1.747184e-02	1.924433e-02
5.140000e+02	4.572913e-02	5.615910e-02	1.816164e-02	1.773138e-02
5.150000e+02	4.601804e-02	5.613622e-02	1.809492e-02	1.746335e-02
5.160000e+02	4.510642e-02	5.561249e-02	1.830722e-02	1.759534e-02
5.170000e+02	4.470680e-02	5.587945e-02	1.857816e-02	1.781677e-02
5.180000e+02	4.494616e-02	5.525838e-02	1.834119e-02	1.724222e-02
5.190000e+02	4.493294e-02	5.860531e-02	1.762225e-02	1.495982e-02
5.200000e+02	4.620174e-02	5.940038e-02	1.745544e-02	1.465605e-02
5.210000e+02	4.632743e-02	5.609708e-02	1.710728e-02	1.555119e-02
5.220000e+02	4.504887e-02	5.635298e-02	1.703049e-02	1.568653e-02
5.230000e+02	4.621198e-02	5.814625e-02	1.686001e-02	1.740611e-02
5.240000e+02	4.680499e-02	5.535926e-02	1.809465e-02	1.768458e-02
5.250000e+02	4.455909e-02	5.649573e-02	1.882559e-02	1.692293e-02
5.260000e+02	4.510396e-02	5.711073e-02	1.901971e-02	1.664761e-02
5.270000e+02	4.468549e-02	5.690305e-02	1.886780e-02	1.661144e-02
5.280000e+02	4.542712e-02	5.719732e-02	1.854788e-02	1.598760e-02
5.290000e+02	4.632819e-02	5.673373e-02	1.794447e-02	1.631491e-02
5.300000e+02	4.635024e-02	5.566371e-02	1.765106e-02	1.689699e-02
5.310000e+02	4.512638e-02	5.650522e-02	1.813036e-02	1.705594e-02
5.320000e+02	4.511942e-02	5.568914e-02	1.832101e-02	1.741278e-02
5.330000e+02	4.548425e-02	5.566898e-02	1.811698e-02	1.706572e-02
5.340000e+02	4.461299e-02	5.637569e-02	1.801094e-02	1.628372e-02
5.350000e+02	4.503784e-02	5.662937e-02	1.804738e-02	1.651778e-02
5.360000e+02	4.555231e-02	5.613108e-02	1.827805e-02	1.660954e-02
5.370000e+02	4.480829e-02	5.603832e-02	1.780975e-02	1.678552e-02
5.380000e+02	4.500048e-02	5.564143e-02	1.782252e-02	1.658560e-02
5.390000e+02	4.484503e-02	5.563387e-02	1.759617e-02	1.665418e-02
5.400000e+02	4.456370e-02	5.588412e-02	1.776077e-02	1.657633e-02
5.410000e+02	4.528040e-02	5.816192e-02	1.839210e-02	1.613975e-02
5.420000e+02	4.664362e-02	6.130528e-02	1.878162e-02	1.647734e-02
5.430000e+02	4.584527e-02	5.703297e-02	1.839843e-02	1.657996e-02
5.440000e+02	4.521265e-02	5.633698e-02	1.817657e-02	1.656331e-02
5.450000e+02	4.504888e-02	5.568101e-02	1.823412e-02	1.681104e-02
5.460000e+02	4.476382e-02	5.634961e-02	1.794812e-02	1.630838e-02
5.470000e+02	4.457652e-02	5.722579e-02	1.815214e-02	1.623848e-02
5.480000e+02	4.615481e-02	5.959377e-02	1.811422e-02	1.663142e-02
5.490000e+02	4.608051e-02	5.703678e-02	1.776715e-02	1.845510e-02
5.500000e+02	4.524254e-02	5.591199e-02	1.769955e-02	1.683327e-02
5.510000e+02	4.509335e-02	5.630754e-02	1.759270e-02	1.661223e-02
5.520000e+02	4.494678e-02	5.574758e-02	1.790657e-02	1.687972e-02
5.530000e+02	4.511817e-02	5.546708e-02	1.810543e-02	1.711162e-02
5.540000e+02	4.474201e-02	5.602092e-02	1.827425e-02	1.631784e-02
5.550000e+02	4.482775e-02	5.662806e-02	1.805711e-02	1.663484e-02
5.560000e+02	4.500198e-02	5.652600e-02	1.788963e-02	1.783784e-02
5.570000e+02	4.597284e-02	5.537060e-02	1.753365e-02	1.647854e-02
5.580000e+02	4.661983e-02	5.741374e-02	1.746995e-02	1.592185e-02
5.590000e+02	4.697847e-02	5.758594e-02	1.823717e-02	1.633647e-02
5.600000e+02	4.692655e-02	6.010465e-02	1.950960e-02	1.742020e-02
5.610000e+02	4.591013e-02	5.839736e-02	2.078660e-02	1.816857e-02
5.620000e+02	4.566522e-02	5.588874e-02	1.977201e-02	1.810426e-02
5.630000e+02	4.476473e-02	5.714342e-02	1.919597e-02	1.937972e-02
5.640000e+02	4.514736e-02	6.099007e-02	1.991896e-02	1.855377e-02
5.650000e+02	4.858808e-02	5.902139e-02	1.960808e-02	2.085510e-02
5.660000e+02	4.846566e-02	5.732094e-02	2.008213e-02	2.000985e-02
5.670000e+02	4.527811e-02	5.559147e-02	1.961654e-02	1.958124e-02
5.680000e+02	4.546647e-02	5.628322e-02	1.940153e-02	1.755335e-02
5.690000e+02	4.591817e-02	5.709866e-02	1.944053e-02	1.770183e-02
5.700000e+02	4.709762e-02	5.568646e-02	1.854928e-02	1.878635e-02
5.710000e+02	4.774556e-02	5.650388e-02	1.926398e-02	1.980829e-02
5.720000e+02	4.704002e-02	5.532732e-02	1.976271e-02	1.853883e-02
5.730000e+02	4.544411e-02	5.581070e-02	1.961255e-02	1.846220e-02
5.740000e+02	4.583424e-02	5.671034e-02	1.961105e-02	1.899451e-02
5.750000e+02	4.671049e-02	5.783112e-02	2.015538e-02	1.872104e-02
5.760000e+02	4.574780e-02	5.722132e-02	2.038199e-02	1.925921e-02
5.770000e+02	4.482779e-02	5.557679e-02	2.035085e-02	1.951829e-02
5.780000e+02	4.602422e-02	6.034086e-02	1.977721e-02	2.188342e-02
5.790000e+02	4.722989e-02	5.597606e-02	1.977156e-02	1.935154e-02
5.800000e+02	4.619424e-02	5.625978e-02	1.910281e-02	1.871739e-02
5.810000e+02	4.552486e-02	5.993607e-02	1.818425e-02	1.983266e-02
5.820000e+02	4.537036e-02	5.552886e-02	1.896944e-02	1.838407e-02
5.830000e+02	4.483270e-02	5.649802e-02	1.921776e-02	1.862757e-02
5.840000e+02	4.490119e-02	5.673538e-02	1.985339e-02	1.900288e-02
5.850000e+02	4.512520e-02	5.616088e-02	1.996567e-02	1.913261e-02
5.860000e+02	4.498306e-02	5.594359e-02	1.986093e-02	1.931724e-02
5.870000e+02	4.518925e-02	5.602061e-02	1.950614e-02	1.870815e-02
5.880000e+02	4.521743e-02	5.592953e-02	1.966712e-02	1.879630e-02
5.890000e+02	4.429979e-02	5.579318e-02	1.899038e-02	1.865868e-02
5.900000e+02	4.444036e-02	5.564227e-02	1.885061e-02	1.882464e-02
5.910000e+02	4.558215e-02	5.700769e-02	1.885749e-02	1.891320e-02
5.920000e+02	4.513211e-02	5.601094e-02	1.890472e-02	1.832571e-02
5.930000e+02	4.509732e-02	5.621450e-02	1.893125e-02	1.737745e-02
5.940000e+02	4.519427e-02	5.728978e-02	1.919651e-02	1.699340e-02
5.950000e+02	4.600110e-02	6.136743e-02	2.004777e-02	1.635664e-02
5.960000e+02	4.701391e-02	5.649210e-02	1.968681e-02	1.823304e-02
5.970000e+02	4.521307e-02	5.765739e-02	2.041240e-02	1.839926e-02
5.980000e+02	4.564773e-02	5.930741e-02	2.105045e-02	1.822807e-02
5.990000e+02	4.557997e-02	5.604149e-02	2.081409e-02	1.898637e-02
6.000000e+02	4.460348e-02	5.578344e-02	2.079661e-02	1.878052e-02
6.010000e+02	4.484076e-02	5.632951e-02	2.008148e-02	1.859573e-02
6.020000e+02	4.502302e-02	5.614756e-02	1.975380e-02	2.012450e-02
6.030000e+02	4.473892e-02	5.582960e-02	2.030058e-02	1.950220e-02
6.040000e+02	4.569378e-02	5.624188e-02	2.088525e-02	1.865886e-02
6.050000e+02	4.547037e-02	5.702206e-02	2.066676e-02	1.818043e-02
6.060000e+02	4.580520e-02	5.558798e-02	1.984398e-02	1.840799e-02
6.070000e+02	4.696767e-02	5.654281e-02	1.965655e-02	1.906263e-02
6.080000e+02	4.530251e-02	5.778258e-02	1.970949e-02	1.906808e-02
6.090000e+02	4.547642e-02	5.721333e-02	1.974091e-02	1.969076e-02
6.100000e+02	4.584111e-02	5.593251e-02	2.016700e-02	2.000706e-02
6.110000e+02	4.463537e-02	5.586863e-02	1.944088e-02	1.726391e-02
6.120000e+02	4.474545e-02	5.620630e-02	1.899735e-02	1.836658e-02
6.130000e+02	4.520761e-02	5.667387e-02	1.998956e-02	2.105334e-02
6.140000e+02	4.495227e-02	5.576858e-02	2.039508e-02	1.997164e-02
6.150000e+02	4.442995e-02	5.545648e-02	2.091850e-02	2.060681e-02
6.160000e+02	4.437444e-02	5.586305e-02	2.122057e-02	1.977962e-02
6.170000e+02	4.532438e-02	5.567537e-02	2.112978e-02	2.033865e-02
6.180000e+02	4.467592e-02	5.719088e-02	2.191284e-02	2.144271e-02
6.190000e+02	4.656018e-02	5.687416e-02	2.171540e-02	2.095491e-02
6.200000e+02	4.604426e-02	5.767419e-02	2.166001e-02	2.073920e-02
6.210000e+02	4.668713e-02	5.615102e-02	2.105600e-02	1.932891e-02
6.220000e+02	4.460946e-02	5.652685e-02	2.042138e-02	1.900708e-02
6.230000e+02	4.493992e-02	5.528825e-02	2.001641e-02	1.877246e-02
6.240000e+02	4.500094e-02	5.550188e-02	1.989506e-02	2.009391e-02
6.250000e+02	4.519456e-02	5.675593e-02	2.047562e-02	2.072799e-02
6.260000e+02	4.713832e-02	5.609077e-02	2.067872e-02	1.896119e-02
6.270000e+02	4.521662e-02	5.770081e-02	2.071239e-02	1.836615e-02
6.280000e+02	4.517494e-02	5.957072e-02	2.038848e-02	1.669413e-02
6.290000e+02	4.585272e-02	6.154828e-02	2.028779e-02	1.688790e-02
6.300000e+02	4.715944e-02	6.203392e-02	2.057914e-02	1.735832e-02
6.310000e+02	4.692103e-02	5.694124e-02	2.117892e-02	1.903642e-02
6.320000e+02	4.561929e-02	5.605235e-02	2.145511e-02	2.052729e-02
6.330000e+02	4.477805e-02	5.555753e-02	2.129010e-02	2.033988e-02
6.340000e+02	4.671228e-02	5.558062e-02	2.102485e-02	2.038361e-02
6.350000e+02	4.522934e-02	5.697588e-02	2.055608e-02	1.790226e-02
6.360000e+02	4.450315e-02	5.646926e-02	1.919034e-02	1.694770e-02
6.370000e+02	4.581352e-02	5.580225e-02	1.865735e-02	1.712955e-02
6.380000e+02	4.464269e-02	5.701232e-02	1.932970e-02	1.875698e-02
6.390000e+02	4.488207e-02	5.542372e-02	1.967730e-02	1.883621e-02
6.400000e+02	4.475012e-02	5.581971e-02	1.899100e-02	1.872177e-02
6.410000e+02	4.501790e-02	5.532721e-02	1.883877e-02	1.800454e-02
6.420000e+02	4.452327e-02	5.524250e-02	1.945058e-02	1.887380e-02
6.430000e+02	4.430587e-02	5.524054e-02	2.007113e-02	1.953678e-02
6.440000e+02	4.469359e-02	5.669846e-02	2.008345e-02	1.943703e-02
6.450000e+02	4.630829e-02	5.700297e-02	1.991573e-02	2.066762e-02
6.460000e+02	4.666426e-02	5.625183e-02	2.046180e-02	2.146487e-02
6.470000e+02	4.681278e-02	5.540824e-02	2.127904e-02	2.029915e-02
6.480000e+02	4.541815e-02	5.544779e-02	2.107129e-02	2.023906e-02
6.490000e+02	4.456231e-02	5.593286e-02	2.100663e-02	1.948476e-02
6.500000e+02	4.498991e-02	5.536082e-02	2.035744e-02	2.006146e-02
6.510000e+02	4.438821e-02	5.559735e-02	1.973669e-02	1.925661e-02
6.520000e+02	4.469260e-02	5.763761e-02	1.979471e-02	2.159316e-02
6.530000e+02	4.596881e-02	5.902380e-02	2.049791e-02	2.185578e-02
6.540000e+02	4.635885e-02	5.856216e-02	2.063090e-02	2.223607e-02
6.550000e+02	4.637866e-02	5.641656e-02	2.149059e-02	2.087513e-02
6.560000e+02	4.546389e-02	5.569665e-02	2.092146e-02	1.876702e-02
6.570000e+02	4.599933e-02	5.684924e-02	2.029570e-02	1.858483e-02
6.580000e+02	4.664941e-02	5.574510e-02	1.999540e-02	1.892638e-02
6.590000e+02	4.470097e-02	5.660328e-02	2.050044e-02	1.991748e-02
6.600000e+02	4.609514e-02	5.637017e-02	2.099549e-02	2.076872e-02
6.610000e+02	4.517788e-02	5.748340e-02	2.164391e-02	2.076052e-02
6.620000e+02	4.507554e-02	5.662030e-02	2.123257e-02	2.145008e-02
6.630000e+02	4.780183e-02	5.663207e-02	2.149619e-02	2.180727e-02
6.640000e+02	4.760175e-02	5.911833e-02	2.173954e-02	1.994604e-02
6.650000e+02	4.527924e-02	5.665056e-02	2.100625e-02	1.865084e-02
6.660000e+02	4.496225e-02	5.592042e-02	2.046554e-02	1.894726e-02
6.670000e+02	4.510006e-02	5.534905e-02	2.071758e-02	2.035852e-02
6.680000e+02	4.452268e-02	5.636941e-02	2.094879e-02	2.007926e-02
6.690000e+02	4.522145e-02	5.759558e-02	2.035172e-02	1.881292e-02
6.700000e+02	4.545633e-02	5.540228e-02	2.016517e-02	1.978171e-02
6.710000e+02	4.478189e-02	5.614433e-02	2.062396e-02	2.146129e-02
6.720000e+02	4.493803e-02	5.562400e-02	2.197443e-02	2.123139e-02
6.730000e+02	4.500525e-02	5.730078e-02	2.267995e-02	2.078261e-02
6.740000e+02	4.454208e-02	5.594390e-02	2.239505e-02	2.058623e-02
6.750000e+02	4.555784e-02	5.588867e-02	2.190913e-02	2.024453e-02
6.760000e+02	4.539099e-02	5.536132e-02	2.159588e-02	2.012892e-02
6.770000e+02	4.408987e-02	5.535898e-02	2.169510e-02	2.006617e-02
6.780000e+02	4.423318e-02	5.560080e-02	2.109471e-02	1.973879e-02
6.790000e+02	4.492983e-02	5.593130e-02	2.044122e-02	2.097363e-02
6.800000e+02	4.559317e-02	5.539582e-02	2.062435e-02	2.047496e-02
6.810000e+02	4.551961e-02	5.591799e-02	2.123638e-02	2.095310e-02
6.820000e+02	4.486550e-02	5.554223e-02	2.146047e-02	2.123481e-02
6.830000e+02	4.515608e-02	6.044663e-02	2.258858e-02	2.324055e-02
6.840000e+02	4.660777e-02	5.645695e-02	2.328968e-02	2.455632e-02
6.850000e+02	4.571549e-02	5.659625e-02	2.384570e-02	2.395581e-02
6.860000e+02	4.517826e-02	5.558645e-02	2.329648e-02	2.195790e-02
6.870000e+02	4.458605e-02	5.564693e-02	2.277673e-02	2.198634e-02
6.880000e+02	4.593502e-02	5.549770e-02	2.180234e-02	2.018341e-02
6.890000e+02	4.444330e-02	5.603709e-02	2.243556e-02	2.234938e-02
6.900000e+02	4.466511e-02	5.648578e-02	2.350120e-02	2.253036e-02
6.910000e+02	4.490170e-02	5.609259e-02	2.431906e-02	2.205914e-02
6.920000e+02	4.437828e-02	5.651982e-02	2.399530e-02	2.048663e-02
6.930000e+02	4.446970e-02	5.581929e-02	2.301033e-02	2.093786e-02
6.940000e+02	4.512160e-02	5.604497e-02	2.290318e-02	2.096087e-02
6.950000e+02	4.451998e-02	5.523734e-02	2.268139e-02	2.185097e-02
6.960000e+02	4.452073e-02	5.517212e-02	2.230460e-02	2.150193e-02
6.970000e+02	4.449937e-02	5.540363e-02	2.250251e-02	2.073572e-02
6.980000e+02	4.424767e-02	5.525852e-02	2.216982e-02	2.078023e-02
6.990000e+02	4.454290e-02	5.554154e-02	2.155926e-02	2.024629e-02
7.000000e+02	4.474382e-02	5.770429e-02	2.245729e-02	2.034003e-02
7.010000e+02	4.456334e-02	5.633841e-02	2.263450e-02	2.003126e-02
7.020000e+02	4.495599e-02	5.519696e-02	2.288128e-02	2.284875e-02
7.030000e+02	4.634955e-02	5.601868e-02	2.371427e-02	2.414287e-02
7.040000e+02	4.565033e-02	5.848110e-02	2.359035e-02	2.408703e-02
7.050000e+02	4.584669e-02	5.866970e-02	2.350157e-02	2.407926e-02
7.060000e+02	4.675340e-02	5.753701e-02	2.369666e-02	2.190871e-02
7.070000e+02	4.584035e-02	5.623565e-02	2.278609e-02	2.239179e-02
7.080000e+02	4.519665e-02	5.724111e-02	2.293945e-02	2.004077e-02
7.090000e+02	4.575170e-02	5.599173e-02	2.205931e-02	1.988586e-02
7.100000e+02	4.472783e-02	5.731161e-02	2.145006e-02	2.011312e-02
7.110000e+02	4.532934e-02	6.006379e-02	2.180636e-02	2.341074e-02
7.120000e+02	4.662915e-02	5.959892e-02	2.295674e-02	2.120920e-02
7.130000e+02	4.499301e-02	5.662055e-02	2.340250e-02	2.286222e-02
7.140000e+02	4.532208e-02	5.797306e-02	2.398824e-02	2.175983e-02
7.150000e+02	4.502775e-02	5.605389e-02	2.328255e-02	2.212839e-02
7.160000e+02	4.441538e-02	5.643140e-02	2.333503e-02	2.175756e-02
7.170000e+02	4.457041e-02	5.568447e-02	2.252998e-02	2.086522e-02
7.180000e+02	4.500110e-02	5.542303e-02	2.093885e-02	2.024238e-02
7.190000e+02	4.584139e-02	5.585664e-02	2.101746e-02	2.178543e-02
7.200000e+02	4.589641e-02	5.606601e-02	2.172027e-02	2.178501e-02
7.210000e+02	4.468424e-02	5.546825e-02	2.187830e-02	2.156334e-02
7.220000e+02	4.484246e-02	5.583345e-02	2.174668e-02	2.041947e-02
7.230000e+02	4.468214e-02	5.692440e-02	2.169174e-02	1.915895e-02
7.240000e+02	4.474181e-02	5.738321e-02	2.167667e-02	2.035403e-02
7.250000e+02	4.609204e-02	5.844512e-02	2.180239e-02	2.071801e-02
7.260000e+02	4.621304e-02	5.996555e-02	2.155019e-02	1.927177e-02
7.270000e+02	4.590130e-02	5.767433e-02	2.117677e-02	1.849807e-02
7.280000e+02	4.661775e-02	6.064198e-02	2.163967e-02	1.802813e-02
7.290000e+02	4.580891e-02	5.656518e-02	2.164460e-02	2.006077e-02
7.300000e+02	4.481863e-02	5.631550e-02	2.228049e-02	2.106527e-02
7.310000e+02	4.476984e-02	5.604229e-02	2.244544e-02	2.159511e-02
7.320000e+02	4.524474e-02	5.632531e-02	2.313877e-02	2.126566e-02
7.330000e+02	4.442087e-02	5.617674e-02	2.353081e-02	2.210468e-02
7.340000e+02	4.655359e-02	5.617094e-02	2.353003e-02	2.140497e-02
7.350000e+02	4.588267e-02	5.604415e-02	2.341110e-02	2.224555e-02
7.360000e+02	4.451847e-02	5.581263e-02	2.281801e-02	2.223274e-02
7.370000e+02	4.527515e-02	5.655978e-02	2.222013e-02	2.218771e-02
7.380000e+02	4.468587e-02	5.718396e-02	2.121209e-02	2.144852e-02
7.390000e+02	4.553032e-02	5.570303e-02	2.100165e-02	2.097923e-02
7.400000e+02	4.469437e-02	5.605873e-02	2.147120e-02	2.014993e-02
7.410000e+02	4.542409e-02	5.839726e-02	2.147186e-02	2.030031e-02
7.420000e+02	4.480572e-02	5.559557e-02	2.359020e-02	2.346751e-02
7.430000e+02	4.463755e-02	5.520948e-02	2.440673e-02	2.319400e-02
7.440000e+02	4.525445e-02	5.545255e-02	2.373143e-02	2.185746e-02
7.450000e+02	4.525051e-02	5.732555e-02	2.328315e-02	2.133220e-02
7.460000e+02	4.510448e-02	5.652207e-02	2.191610e-02	2.113008e-02
7.470000e+02	4.598787e-02	5.538325e-02	2.145862e-02	2.031823e-02
7.480000e+02	4.536048e-02	5.520785e-02	2.155650e-02	2.124100e-02
7.490000e+02	4.486666e-02	5.675176e-02	2.191266e-02	2.213996e-02
7.500000e+02	4.512896e-02	5.794615e-02	2.173188e-02	2.124474e-02
7.510000e+02	4.534881e-02	5.601707e-02	2.185350e-02	2.088592e-02
7.520000e+02	4.458934e-02	5.657158e-02	2.087521e-02	2.086042e-02
7.530000e+02	4.524819e-02	5.637921e-02	2.072578e-02	2.202582e-02
7.540000e+02	4.511543e-02	5.859145e-02	2.134973e-02	2.281184e-02
7.550000e+02	4.591028e-02	5.561223e-02	2.224255e-02	2.118480e-02
7.560000e+02	4.523656e-02	5.631737e-02	2.219150e-02	2.050075e-02
7.570000e+02	4.417038e-02	5.574487e-02	2.082026e-02	1.951282e-02
7.580000e+02	4.462853e-02	5.660545e-02	2.107705e-02	1.935416e-02
7.590000e+02	4.578691e-02	6.273005e-02	2.210037e-02	1.859685e-02
7.600000e+02	4.638497e-02	5.688000e-02	2.357703e-02	2.158018e-02
7.610000e+02	4.546397e-02	5.634667e-02	2.323475e-02	2.163624e-02
7.620000e+02	4.449562e-02	5.589737e-02	2.249549e-02	2.086349e-02
7.630000e+02	4.440768e-02	5.669942e-02	2.215134e-02	2.157330e-02
7.640000e+02	4.593904e-02	5.607636e-02	2.220984e-02	2.057768e-02
7.650000e+02	4.552804e-02	5.681030e-02	2.219360e-02	2.032975e-02
7.660000e+02	4.494909e-02	5.575388e-02	2.265973e-02	2.112401e-02
7.670000e+02	4.534909e-02	5.595113e-02	2.239717e-02	2.074731e-02
7.680000e+02	4.490899e-02	5.857765e-02	2.256166e-02	2.041300e-02
7.690000e+02	4.572600e-02	5.600155e-02	2.252178e-02	2.122300e-02
7.700000e+02	4.547877e-02	5.591911e-02	2.235687e-02	2.099620e-02
7.710000e+02	4.468803e-02	5.615482e-02	2.163364e-02	2.096474e-02
7.720000e+02	4.462934e-02	5.561719e-02	2.185144e-02	2.199093e-02
7.730000e+02	4.623424e-02	5.664348e-02	2.151610e-02	1.984385e-02
7.740000e+02	4.627226e-02	5.609454e-02	2.136880e-02	2.296461e-02
7.750000e+02	4.546302e-02	5.676900e-02	2.164363e-02	2.123094e-02
7.760000e+02	4.574048e-02	5.553921e-02	2.199532e-02	2.184769e-02
7.770000e+02	4.454779e-02	5.607941e-02	2.200143e-02	2.212879e-02
7.780000e+02	4.506990e-02	5.654476e-02	2.184681e-02	2.202461e-02
7.790000e+02	4.459549e-02	5.579081e-02	2.162084e-02	2.162816e-02
7.800000e+02	4.477295e-02	5.554704e-02	2.189043e-02	2.184705e-02
7.810000e+02	4.557863e-02	5.624752e-02	2.217375e-02	2.152390e-02
7.820000e+02	4.558954e-02	5.846074e-02	2.263466e-02	2.221884e-02
7.830000e+02	4.605887e-02	5.559256e-02	2.283102e-02	2.268060e-02
7.840000e+02	4.517833e-02	5.741661e-02	2.243565e-02	2.122034e-02
7.850000e+02	4.753745e-02	5.879476e-02	2.255727e-02	2.114055e-02
7.860000e+02	4.662139e-02	5.690990e-02	2.270997e-02	2.087528e-02
7.870000e+02	4.488212e-02	5.524977e-02	2.244550e-02	2.145019e-02
7.880000e+02	4.448281e-02	5.598876e-02	2.271596e-02	2.065220e-02
7.890000e+02	4.506609e-02	5.627725e-02	2.258974e-02	2.016351e-02
7.900000e+02	4.503191e-02	5.555874e-02	2.160950e-02	1.991382e-02
7.910000e+02	4.480086e-02	5.590073e-02	2.148289e-02	2.190606e-02
7.920000e+02	4.503376e-02	5.569902e-02	2.196725e-02	2.180240e-02
7.930000e+02	4.613506e-02	5.530699e-02	2.242599e-02	2.174705e-02
7.940000e+02	4.515063e-02	5.691370e-02	2.304616e-02	2.156351e-02
7.950000e+02	4.503934e-02	5.663588e-02	2.298306e-02	2.295010e-02
7.960000e+02	4.507361e-02	5.569670e-02	2.261398e-02	2.217553e-02
7.970000e+02	4.488883e-02	5.713377e-02	2.252007e-02	1.968441e-02
7.980000e+02	4.521434e-02	5.613234e-02	2.238178e-02	2.050463e-02
7.990000e+02	4.432490e-02	5.543466e-02	2.198563e-02	2.086342e-02
8.000000e+02	4.433947e-02	5.524012e-02	2.236606e-02	2.253354e-02
8.010000e+02	4.482944e-02	5.588219e-02	2.257901e-02	2.241016e-02
8.020000e+02	4.513268e-02	5.727004e-02	2.217146e-02	2.296997e-02
8.030000e+02	4.574260e-02	5.610580e-02	2.295916e-02	2.196988e-02
8.040000e+02	4.481906e-02	5.794587e-02	2.281081e-02	2.150817e-02
8.050000e+02	4.554121e-02	5.622153e-02	2.251970e-02	2.180424e-02
8.060000e+02	4.467403e-02	5.547857e-02	2.276908e-02	2.153522e-02
8.070000e+02	4.467954e-02	5.660982e-02	2.269064e-02	2.169160e-02
8.080000e+02	4.534911e-02	5.746377e-02	2.293284e-02	2.088858e-02
8.090000e+02	4.542306e-02	5.535604e-02	2.257812e-02	2.234307e-02
8.100000e+02	4.667894e-02	5.564914e-02	2.288420e-02	2.272718e-02
8.110000e+02	4.479825e-02	5.547840e-02	2.226105e-02	2.223505e-02
8.120000e+02	4.556996e-02	5.608066e-02	2.215429e-02	2.131760e-02
8.130000e+02	4.559657e-02	5.620158e-02	2.248999e-02	2.124515e-02
8.140000e+02	4.491887e-02	5.644098e-02	2.267542e-02	2.308696e-02
8.150000e+02	4.535236e-02	5.621979e-02	2.241153e-02	2.012642e-02
8.160000e+02	4.544724e-02	5.575286e-02	2.234947e-02	2.054340e-02
8.170000e+02	4.552646e-02	5.735210e-02	2.208514e-02	1.959285e-02
8.180000e+02	4.732833e-02	5.968495e-02	2.198742e-02	1.969690e-02
8.190000e+02	4.682247e-02	6.041536e-02	2.226649e-02	1.980134e-02
8.200000e+02	4.623703e-02	5.591402e-02	2.220695e-02	2.028223e-02
8.210000e+02	4.457472e-02	5.780094e-02	2.233222e-02	1.984644e-02
8.220000e+02	4.561414e-02	5.780277e-02	2.204990e-02	1.995387e-02
8.230000e+02	4.626424e-02	5.790715e-02	2.186617e-02	2.007583e-02
8.240000e+02	4.524254e-02	5.892762e-02	2.149975e-02	2.181089e-02
8.250000e+02	4.503740e-02	5.598206e-02	2.201145e-02	2.039750e-02
8.260000e+02	4.624960e-02	5.617417e-02	2.186416e-02	1.960204e-02
8.270000e+02	4.609256e-02	5.676307e-02	2.179446e-02	1.899607e-02
8.280000e+02	4.521876e-02	5.681317e-02	2.039059e-02	1.963987e-02
8.290000e+02	4.608671e-02	5.618690e-02	2.044148e-02	1.890942e-02
8.300000e+02	4.548172e-02	5.530806e-02	2.040621e-02	1.993704e-02
8.310000e+02	4.657099e-02	5.814346e-02	2.078190e-02	2.169430e-02
8.320000e+02	4.728682e-02	5.927964e-02	2.225876e-02	2.655196e-02
8.330000e+02	4.594158e-02	5.751506e-02	2.393725e-02	2.608291e-02
8.340000e+02	4.631990e-02	5.819314e-02	2.378204e-02	2.641365e-02
8.350000e+02	4.619676e-02	5.773314e-02	2.308721e-02	2.441799e-02
8.360000e+02	4.499634e-02	5.742543e-02	2.163459e-02	2.251988e-02
8.370000e+02	4.535801e-02	5.555056e-02	2.135487e-02	2.093848e-02
8.380000e+02	4.466404e-02	5.593987e-02	2.086084e-02	2.157112e-02
8.390000e+02	4.494261e-02	5.566907e-02	2.171304e-02	2.209185e-02
8.400000e+02	4.459618e-02	5.601855e-02	2.188876e-02	2.014424e-02
8.410000e+02	4.563605e-02	5.542911e-02	2.123904e-02	2.063402e-02
8.420000e+02	4.463636e-02	5.632162e-02	2.121917e-02	2.176663e-02
8.430000e+02	4.448589e-02	5.577847e-02	2.173500e-02	2.124604e-02
8.440000e+02	4.566705e-02	5.550877e-02	2.116873e-02	1.988102e-02
8.450000e+02	4.585010e-02	5.588589e-02	2.088736e-02	1.925264e-02
8.460000e+02	4.432707e-02	5.786661e-02	2.132139e-02	2.144646e-02
8.470000e+02	4.590325e-02	5.618209e-02	2.223099e-02	2.226000e-02
8.480000e+02	4.521544e-02	5.961023e-02	2.243579e-02	1.994056e-02
8.490000e+02	4.784053e-02	5.760655e-02	2.202931e-02	2.151050e-02
8.500000e+02	4.541808e-02	5.542136e-02	2.168559e-02	2.114149e-02
8.510000e+02	4.475818e-02	5.616713e-02	2.133153e-02	2.194935e-02
8.520000e+02	4.467306e-02	5.617709e-02	2.202910e-02	2.321746e-02
8.530000e+02	4.510801e-02	5.678615e-02	2.331239e-02	2.456110e-02
8.540000e+02	4.480752e-02	5.563707e-02	2.448871e-02	2.311658e-02
8.550000e+02	4.445212e-02	5.559005e-02	2.344051e-02	2.270824e-02
8.560000e+02	4.484617e-02	5.625401e-02	2.376491e-02	2.114820e-02
8.570000e+02	4.460488e-02	5.663723e-02	2.234494e-02	2.161782e-02
8.580000e+02	4.535591e-02	5.692317e-02	2.179251e-02	2.399571e-02
8.590000e+02	4.541826e-02	5.603942e-02	2.241899e-02	2.341767e-02
8.600000e+02	4.481445e-02	5.636866e-02	2.297531e-02	2.378304e-02
8.610000e+02	4.500736e-02	5.655284e-02	2.360537e-02	2.194071e-02
8.620000e+02	4.567742e-02	5.577033e-02	2.261146e-02	2.139069e-02
8.630000e+02	4.507977e-02	5.564827e-02	2.222539e-02	2.291499e-02
8.640000e+02	4.508503e-02	5.731563e-02	2.249804e-02	2.389096e-02
8.650000e+02	4.512186e-02	5.535847e-02	2.283482e-02	2.229525e-02
8.660000e+02	4.439689e-02	5.529731e-02	2.256562e-02	2.132796e-02
8.670000e+02	4.424403e-02	5.654225e-02	2.273462e-02	2.034857e-02
8.680000e+02	4.473385e-02	5.693329e-02	2.257570e-02	2.048773e-02
8.690000e+02	4.563567e-02	5.587076e-02	2.345488e-02	2.263138e-02
8.700000e+02	4.523615e-02	5.562262e-02	2.374358e-02	2.239192e-02
8.710000e+02	4.418295e-02	5.791238e-02	2.352493e-02	2.055107e-02
8.720000e+02	4.564511e-02	5.933602e-02	2.268181e-02	2.048899e-02
8.730000e+02	4.654306e-02	5.525640e-02	2.316494e-02	2.244285e-02
8.740000e+02	4.606132e-02	5.926080e-02	2.305640e-02	2.309288e-02
8.750000e+02	4.773722e-02	5.568845e-02	2.184849e-02	2.056534e-02
8.760000e+02	4.699480e-02	5.626820e-02	2.175389e-02	2.064660e-02
8.770000e+02	4.693544e-02	5.614777e-02	2.209183e-02	2.134923e-02
8.780000e+02	4.435316e-02	5.596575e-02	2.179996e-02	1.994862e-02
8.790000e+02	4.415022e-02	5.552588e-02	2.238229e-02	2.180926e-02
8.800000e+02	4.644812e-02	5.545134e-02	2.262226e-02	2.147689e-02
8.810000e+02	4.491263e-02	5.561826e-02	2.123896e-02	1.965584e-02
8.820000e+02	4.521807e-02	5.712539e-02	2.176376e-02	1.918927e-02
8.830000e+02	4.542757e-02	5.902199e-02	2.256513e-02	2.029102e-02
8.840000e+02	4.648307e-02	5.845260e-02	2.271026e-02	1.901106e-02
8.850000e+02	4.664122e-02	5.679570e-02	2.151841e-02	1.977225e-02
8.860000e+02	4.589321e-02	5.592841e-02	2.195635e-02	2.079992e-02
8.870000e+02	4.447446e-02	5.638498e-02	2.189906e-02	2.285023e-02
8.880000e+02	4.496727e-02	5.737934e-02	2.259514e-02	2.129943e-02
8.890000e+02	4.512166e-02	5.549043e-02	2.288893e-02	2.141131e-02
8.900000e+02	4.428755e-02	5.620505e-02	2.281123e-02	2.281644e-02
8.910000e+02	4.515320e-02	5.551630e-02	2.314712e-02	2.194891e-02
8.920000e+02	4.423832e-02	5.561628e-02	2.327815e-02	2.145598e-02
8.930000e+02	4.528153e-02	5.665144e-02	2.336177e-02	2.120607e-02
8.940000e+02	4.754635e-02	5.578208e-02	2.333163e-02	2.303914e-02
8.950000e+02	4.566749e-02	5.547456e-02	2.356698e-02	2.230886e-02
8.960000e+02	4.510700e-02	5.687567e-02	2.386341e-02	2.135429e-02
8.970000e+02	4.663548e-02	5.908714e-02	2.346886e-02	2.010928e-02
8.980000e+02	4.587656e-02	5.740463e-02	2.295699e-02	2.048919e-02
8.990000e+02	4.488357e-02	5.594243e-02	2.293489e-02	2.098750e-02
9.000000e+02	4.466920e-02	5.555981e-02	2.415890e-02	2.260556e-02
9.010000e+02	4.658812e-02	5.540878e-02	2.399309e-02	2.456418e-02
9.020000e+02	4.542579e-02	5.720801e-02	2.458059e-02	2.675156e-02
9.030000e+02	4.500867e-02	5.657567e-02	2.447629e-02	2.552981e-02
9.040000e+02	4.627867e-02	5.578883e-02	2.396386e-02	2.408045e-02
9.050000e+02	4.617852e-02	5.619089e-02	2.352291e-02	2.467984e-02
9.060000e+02	4.507324e-02	5.565375e-02	2.472162e-02	2.365116e-02
9.070000e+02	4.533169e-02	5.698041e-02	2.423634e-02	2.171862e-02
9.080000e+02	4.483708e-02	5.701092e-02	2.388918e-02	2.181956e-02
9.090000e+02	4.546458e-02	5.608860e-02	2.343292e-02	2.183292e-02
9.100000e+02	4.518666e-02	5.529618e-02	2.263863e-02	2.165420e-02
9.110000e+02	4.477650e-02	5.562726e-02	2.138768e-02	2.143574e-02
9.120000e+02	4.507765e-02	5.556893e-02	2.165175e-02	2.284340e-02
9.130000e+02	4.505321e-02	5.633641e-02	2.289423e-02	2.235792e-02
9.140000e+02	4.554372e-02	5.537902e-02	2.418886e-02	2.400703e-02
9.150000e+02	4.440751e-02	5.597022e-02	2.448167e-02	2.443997e-02
9.160000e+02	4.514537e-02	5.610027e-02	2.308830e-02	2.305121e-02
9.170000e+02	4.499055e-02	5.925248e-02	2.186362e-02	2.444786e-02
9.180000e+02	4.565651e-02	5.623991e-02	2.271610e-02	2.430698e-02
9.190000e+02	4.462192e-02	5.567159e-02	2.387635e-02	2.334775e-02
9.200000e+02	4.435886e-02	5.540929e-02	2.339654e-02	2.211601e-02
9.210000e+02	4.434355e-02	5.531728e-02	2.279434e-02	2.279716e-02
9.220000e+02	4.415044e-02	5.964692e-02	2.285796e-02	1.956198e-02
9.230000e+02	4.681434e-02	5.636831e-02	2.317281e-02	2.437739e-02
9.240000e+02	4.738784e-02	5.788279e-02	2.301307e-02	2.161765e-02
9.250000e+02	4.745100e-02	5.539148e-02	2.275648e-02	2.345463e-02
9.260000e+02	4.494424e-02	5.652805e-02	2.363972e-02	2.217937e-02
9.270000e+02	4.463775e-02	5.561956e-02	2.424691e-02	2.289544e-02
9.280000e+02	4.461463e-02	5.758742e-02	2.378589e-02	2.067850e-02
9.290000e+02	4.552895e-02	5.563971e-02	2.336419e-02	2.147992e-02
9.300000e+02	4.448930e-02	5.682964e-02	2.288586e-02	2.012709e-02
9.310000e+02	4.502963e-02	5.651910e-02	2.174637e-02	1.965170e-02
9.320000e+02	4.473119e-02	5.582235e-02	2.129706e-02	1.966065e-02
9.330000e+02	4.442786e-02	5.981942e-02	2.208529e-02	1.887572e-02
9.340000e+02	4.597242e-02	5.624548e-02	2.316619e-02	2.119989e-02
9.350000e+02	4.547955e-02	5.841523e-02	2.316460e-02	1.964584e-02
9.360000e+02	4.525129e-02	5.730930e-02	2.279600e-02	1.963168e-02
9.370000e+02	4.439452e-02	5.582516e-02	2.269951e-02	2.165279e-02
9.380000e+02	4.451360e-02	5.519076e-02	2.239174e-02	2.252127e-02
9.390000e+02	4.475979e-02	5.554677e-02	2.216633e-02	2.063378e-02
9.400000e+02	4.619323e-02	5.724965e-02	2.143075e-02	2.014865e-02
9.410000e+02	4.547151e-02	5.517024e-02	2.091436e-02	2.033968e-02
9.420000e+02	4.446934e-02	5.569793e-02	2.168454e-02	2.071954e-02
9.430000e+02	4.459536e-02	5.767794e-02	2.304854e-02	2.154491e-02
9.440000e+02	4.580016e-02	5.807630e-02	2.394485e-02	2.275725e-02
9.450000e+02	4.567463e-02	5.919500e-02	2.468072e-02	2.290639e-02
9.460000e+02	4.528312e-02	5.792385e-02	2.498566e-02	2.235850e-02
9.470000e+02	4.585262e-02	5.555950e-02	2.450033e-02	2.301981e-02
9.480000e+02	4.463973e-02	5.595776e-02	2.435947e-02	2.269081e-02
9.490000e+02	4.475535e-02	5.705949e-02	2.395875e-02	2.273809e-02
9.500000e+02	4.627676e-02	5.711164e-02	2.350128e-02	2.174580e-02
9.510000e+02	4.574354e-02	5.519907e-02	2.286764e-02	2.155255e-02
9.520000e+02	4.439559e-02	5.675457e-02	2.275155e-02	2.221644e-02
9.530000e+02	4.455371e-02	5.578719e-02	2.322927e-02	2.435150e-02
9.540000e+02	4.496646e-02	5.589607e-02	2.417154e-02	2.336235e-02
9.550000e+02	4.465461e-02	5.662262e-02	2.436905e-02	2.246757e-02
9.560000e+02	4.442802e-02	5.582190e-02	2.345190e-02	2.419653e-02
9.570000e+02	4.466590e-02	5.583386e-02	2.295766e-02	2.350656e-02
9.580000e+02	4.443443e-02	5.540855e-02	2.338758e-02	2.418264e-02
9.590000e+02	4.415342e-02	5.636475e-02	2.402777e-02	2.313492e-02
9.600000e+02	4.418735e-02	5.533094e-02	2.433598e-02	2.262650e-02
9.610000e+02	4.461843e-02	5.614977e-02	2.455466e-02	2.212689e-02
9.620000e+02	4.525204e-02	5.517180e-02	2.413507e-02	2.357304e-02
9.630000e+02	4.424023e-02	5.674540e-02	2.435780e-02	2.201700e-02
9.640000e+02	4.523653e-02	5.641887e-02	2.403201e-02	2.241522e-02
9.650000e+02	4.536987e-02	5.586670e-02	2.451790e-02	2.219746e-02
9.660000e+02	4.546563e-02	5.666459e-02	2.375317e-02	2.576668e-02
9.670000e+02	4.667259e-02	5.646117e-02	2.339758e-02	2.316755e-02
9.680000e+02	4.552230e-02	5.577055e-02	2.349462e-02	2.519921e-02
9.690000e+02	4.457261e-02	5.585773e-02	2.430286e-02	2.473600e-02
9.700000e+02	4.483311e-02	5.661419e-02	2.379191e-02	2.446096e-02
9.710000e+02	4.447319e-02	5.552065e-02	2.306645e-02	2.375694e-02
9.720000e+02	4.470483e-02	5.524431e-02	2.366020e-02	2.433449e-02
9.730000e+02	4.510944e-02	5.579859e-02	2.441323e-02	2.377568e-02
9.740000e+02	4.545885e-02	5.557891e-02	2.397456e-02	2.240345e-02
9.750000e+02	4.445513e-02	5.516090e-02	2.358066e-02	2.264341e-02
9.760000e+02	4.419251e-02	5.696296e-02	2.427388e-02	2.347390e-02
9.770000e+02	4.456394e-02	5.614544e-02	2.420445e-02	2.264243e-02
9.780000e+02	4.533979e-02	5.621264e-02	2.376787e-02	2.402611e-02
9.790000e+02	4.538640e-02	5.754054e-02	2.427823e-02	2.266502e-02
9.800000e+02	4.593178e-02	5.700595e-02	2.478470e-02	2.215285e-02
9.810000e+02	4.678494e-02	6.280376e-02	2.416069e-02	2.049530e-02
9.820000e+02	4.711427e-02	5.742013e-02	2.361816e-02	2.114581e-02
9.830000e+02	4.511048e-02	5.808422e-02	2.407127e-02	2.390833e-02
9.840000e+02	4.765161e-02	5.959115e-02	2.425119e-02	2.235672e-02
9.850000e+02	4.702143e-02	5.572496e-02	2.485363e-02	2.335288e-02
9.860000e+02	4.507819e-02	5.647272e-02	2.395367e-02	2.245702e-02
9.870000e+02	4.459015e-02	5.614972e-02	2.286780e-02	2.069863e-02
9.880000e+02	4.468399e-02	5.587998e-02	2.286262e-02	2.137232e-02
9.890000e+02	4.458092e-02	5.625275e-02	2.263198e-02	2.183297e-02
9.900000e+02	4.447854e-02	5.509105e-02	2.215100e-02	2.119918e-02
9.910000e+02	4.464435e-02	5.691715e-02	2.233937e-02	1.987159e-02
9.920000e+02	4.636397e-02	6.134281e-02	2.261442e-02	1.870708e-02
9.930000e+02	4.604105e-02	5.687873e-02	2.266599e-02	2.112801e-02
9.940000e+02	4.593884e-02	5.716053e-02	2.305142e-02	2.070772e-02
9.950000e+02	4.577598e-02	5.539074e-02	2.289274e-02	2.243922e-02
9.960000e+02	4.571559e-02	5.745026e-02	2.331025e-02	2.359708e-02
9.970000e+02	4.544554e-02	5.690015e-02	2.275278e-02	2.159484e-02
9.980000e+02	4.527044e-02	5.656039e-02	2.187174e-02	2.245572e-02
9.990000e+02	4.490238e-02	5.542932e-02	2.289522e-02	2.367135e-02
1.000000e+03	4.568482e-02	5.580044e-02	2.393622e-02	2.375615e-02
1.001000e+03	4.524606e-02	5.640363e-02	2.377451e-02	2.315931e-02
1.002000e+03	4.504474e-02	5.661124e-02	2.340133e-02	2.153160e-02
1.003000e+03	4.541384e-02	5.600048e-02	2.333170e-02	2.233006e-02
1.004000e+03	4.499423e-02	5.568913e-02	2.385215e-02	2.384203e-02
1.005000e+03	4.540792e-02	5.631323e-02	2.380592e-02	2.334835e-02
1.006000e+03	4.475159e-02	5.674314e-02	2.441805e-02	2.501296e-02
1.007000e+03	4.518290e-02	5.620632e-02	2.517555e-02	2.391768e-02
1.008000e+03	4.508176e-02	5.645529e-02	2.433782e-02	2.217245e-02
1.009000e+03	4.519395e-02	5.599387e-02	2.347805e-02	2.147619e-02
1.010000e+03	4.472250e-02	5.570258e-02	2.310693e-02	2.130182e-02
1.011000e+03	4.580025e-02	5.600826e-02	2.278014e-02	2.141350e-02
1.012000e+03	4.510818e-02	5.581027e-02	2.200317e-02	2.179858e-02
1.013000e+03	4.526281e-02	5.561963e-02	2.249648e-02	2.148772e-02
1.014000e+03	4.451359e-02	5.543483e-02	2.290297e-02	2.281231e-02
1.015000e+03	4.482417e-02	5.531387e-02	2.314008e-02	2.251736e-02
1.016000e+03	4.485138e-02	5.633621e-02	2.245843e-02	1.952915e-02
1.017000e+03	4.513140e-02	5.658258e-02	2.076546e-02	1.809030e-02
1.018000e+03	4.492729e-02	5.554607e-02	2.144419e-02	2.095382e-02
1.019000e+03	4.456062e-02	5.669351e-02	2.271497e-02	2.197086e-02
1.020000e+03	4.553077e-02	5.889829e-02	2.316700e-02	2.055248e-02
1.021000e+03	4.595804e-02	5.555918e-02	2.277505e-02	2.349024e-02
1.022000e+03	4.443802e-02	5.688185e-02	2.339694e-02	2.469007e-02
1.023000e+03	4.555870e-02	5.593180e-02	2.402489e-02	2.447332e-02
1.024000e+03	4.541390e-02	5.668544e-02	2.434449e-02	2.349490e-02
1.025000e+03	4.547353e-02	5.652239e-02	2.473806e-02	2.217933e-02
1.026000e+03	4.435091e-02	5.521636e-02	2.344715e-02	2.188562e-02
1.027000e+03	4.452316e-02	5.661041e-02	2.284314e-02	2.138206e-02
1.028000e+03	4.507053e-02	5.692447e-02	2.285828e-02	2.052073e-02
1.029000e+03	4.511831e-02	5.555488e-02	2.263992e-02	2.314411e-02
1.030000e+03	4.530470e-02	5.541735e-02	2.333207e-02	2.246327e-02
1.031000e+03	4.423396e-02	5.652985e-02	2.309530e-02	2.141909e-02
1.032000e+03	4.442338e-02	6.069263e-02	2.326757e-02	2.031308e-02
1.033000e+03	4.635988e-02	5.633801e-02	2.329240e-02	2.190494e-02
1.034000e+03	4.567782e-02	6.011195e-02	2.344862e-02	2.068921e-02
1.035000e+03	4.663775e-02	5.991246e-02	2.233373e-02	1.944169e-02
1.036000e+03	4.533644e-02	5.621235e-02	2.267737e-02	2.081833e-02
1.037000e+03	4.477929e-02	5.559012e-02	2.218764e-02	2.197392e-02
1.038000e+03	4.444966e-02	5.884625e-02	2.205183e-02	2.366923e-02
1.039000e+03	4.696530e-02	5.676854e-02	2.186290e-02	2.322022e-02
1.040000e+03	4.784338e-02	5.582797e-02	2.171443e-02	2.192508e-02
1.041000e+03	4.590512e-02	5.622271e-02	2.208275e-02	2.386133e-02
1.042000e+03	4.617665e-02	5.623930e-02	2.275983e-02	2.329568e-02
1.043000e+03	4.495699e-02	5.564145e-02	2.197243e-02	2.263709e-02
1.044000e+03	4.475282e-02	5.715474e-02	2.257104e-02	2.308130e-02
1.045000e+03	4.571566e-02	5.560810e-02	2.267705e-02	2.381239e-02
1.046000e+03	4.539925e-02	5.586302e-02	2.225226e-02	2.260013e-02
1.047000e+03	4.472856e-02	5.521579e-02	2.229083e-02	2.186774e-02
1.048000e+03	4.466597e-02	5.999549e-02	2.186956e-02	2.010793e-02
1.049000e+03	4.861091e-02	5.913039e-02	2.209293e-02	2.301636e-02
1.050000e+03	4.578994e-02	5.655037e-02	2.323411e-02	2.388548e-02
1.051000e+03	4.497110e-02	5.573342e-02	2.289138e-02	2.259834e-02
1.052000e+03	4.609282e-02	5.682673e-02	2.269175e-02	2.403660e-02
1.053000e+03	4.597682e-02	5.805023e-02	2.238451e-02	2.315156e-02
1.054000e+03	4.518321e-02	5.704978e-02	2.120377e-02	2.182239e-02
1.055000e+03	4.693313e-02	5.704926e-02	2.110723e-02	2.092163e-02
1.056000e+03	4.539424e-02	5.601287e-02	2.242454e-02	2.050119e-02
1.057000e+03	4.457952e-02	5.637363e-02	2.227498e-02	2.032915e-02
1.058000e+03	4.465790e-02	5.721141e-02	2.188207e-02	1.935511e-02
1.059000e+03	4.504580e-02	5.755369e-02	2.232821e-02	2.035643e-02
1.060000e+03	4.585702e-02	5.792651e-02	2.288745e-02	1.977075e-02
1.061000e+03	4.541186e-02	5.622480e-02	2.222225e-02	2.087095e-02
1.062000e+03	4.563903e-02	5.597815e-02	2.214502e-02	2.039426e-02
1.063000e+03	4.564312e-02	5.613407e-02	2.220381e-02	2.087423e-02
1.064000e+03	4.477444e-02	5.638414e-02	2.210256e-02	2.123093e-02
1.065000e+03	4.511112e-02	5.758677e-02	2.281017e-02	2.100245e-02
1.066000e+03	4.568673e-02	5.791720e-02	2.375115e-02	2.033393e-02
1.067000e+03	4.549135e-02	5.675442e-02	2.271333e-02	2.071662e-02
1.068000e+03	4.475629e-02	5.662594e-02	2.230688e-02	2.018888e-02
1.069000e+03	4.465963e-02	5.573791e-02	2.228914e-02	2.120090e-02
1.070000e+03	4.469259e-02	5.663557e-02	2.217637e-02	2.316253e-02
1.071000e+03	4.454344e-02	5.535932e-02	2.328017e-02	2.382810e-02
1.072000e+03	4.419316e-02	5.571966e-02	2.319043e-02	2.227811e-02
1.073000e+03	4.504195e-02	5.803195e-02	2.228750e-02	2.436283e-02
1.074000e+03	4.565190e-02	5.844758e-02	2.262371e-02	2.560798e-02
1.075000e+03	4.617627e-02	5.950205e-02	2.362538e-02	2.510921e-02
1.076000e+03	4.583265e-02	5.702760e-02	2.322763e-02	2.489235e-02
1.077000e+03	4.520895e-02	5.754267e-02	2.274496e-02	2.393822e-02
1.078000e+03	4.710328e-02	6.049921e-02	2.283425e-02	2.276814e-02
1.079000e+03	4.616081e-02	5.694834e-02	2.345729e-02	2.147947e-02
1.080000e+03	4.505841e-02	5.569076e-02	2.276464e-02	2.171747e-02
1.081000e+03	4.511711e-02	5.606249e-02	2.257536e-02	2.083923e-02
1.082000e+03	4.478674e-02	5.862198e-02	2.263980e-02	2.005327e-02
1.083000e+03	4.571714e-02	5.679968e-02	2.263555e-02	2.128072e-02
1.084000e+03	4.574070e-02	5.609865e-02	2.216464e-02	2.144459e-02
1.085000e+03	4.473732e-02	5.519978e-02	2.134895e-02	2.178386e-02
1.086000e+03	4.528861e-02	5.636083e-02	2.260953e-02	2.097611e-02
1.087000e+03	4.481171e-02	5.542853e-02	2.317212e-02	2.325166e-02
1.088000e+03	4.470388e-02	5.535578e-02	2.379352e-02	2.209076e-02
1.089000e+03	4.527848e-02	5.613254e-02	2.339216e-02	2.196305e-02
1.090000e+03	4.572821e-02	5.591458e-02	2.317915e-02	2.520698e-02
1.091000e+03	4.508199e-02	5.559004e-02	2.413198e-02	2.501670e-02
1.092000e+03	4.643440e-02	5.620905e-02	2.550106e-02	2.790343e-02
1.093000e+03	4.603697e-02	5.582323e-02	2.550044e-02	2.570596e-02
1.094000e+03	4.433709e-02	5.654203e-02	2.463741e-02	2.480224e-02
1.095000e+03	4.457504e-02	5.754524e-02	2.424476e-02	2.150823e-02
1.096000e+03	4.619686e-02	6.099713e-02	2.445998e-02	2.128811e-02
1.097000e+03	4.708706e-02	5.970889e-02	2.478882e-02	2.024736e-02
1.098000e+03	4.667047e-02	5.803490e-02	2.382799e-02	2.374261e-02
1.099000e+03	4.676949e-02	5.668047e-02	2.395390e-02	2.254631e-02
1.100000e+03	4.597985e-02	5.725161e-02	2.330586e-02	2.200053e-02
1.101000e+03	4.454441e-02	5.566413e-02	2.288042e-02	2.151850e-02
1.102000e+03	4.452901e-02	5.688182e-02	2.197347e-02	2.227416e-02
1.103000e+03	4.466372e-02	5.562986e-02	2.228432e-02	2.209649e-02
1.104000e+03	4.466085e-02	5.597472e-02	2.257892e-02	2.045369e-02
1.105000e+03	4.547521e-02	5.549493e-02	2.210019e-02	2.086407e-02
1.106000e+03	4.468732e-02	5.659372e-02	2.214990e-02	2.174881e-02
1.107000e+03	4.510944e-02	5.699210e-02	2.223994e-02	2.179646e-02
1.108000e+03	4.450160e-02	5.548537e-02	2.202747e-02	2.215546e-02
1.109000e+03	4.442688e-02	5.625626e-02	2.207417e-02	2.375354e-02
1.110000e+03	4.633696e-02	5.548569e-02	2.285607e-02	2.202606e-02
1.111000e+03	4.505263e-02	6.076762e-02	2.466294e-02	2.018459e-02
1.112000e+03	4.581084e-02	5.666204e-02	2.389700e-02	2.082529e-02
1.113000e+03	4.430282e-02	5.591385e-02	2.266524e-02	2.162107e-02
1.114000e+03	4.451332e-02	5.567909e-02	2.250495e-02	2.260396e-02
1.115000e+03	4.490070e-02	5.519328e-02	2.304478e-02	2.310112e-02
1.116000e+03	4.447086e-02	5.547414e-02	2.354541e-02	2.262066e-02
1.117000e+03	4.427120e-02	5.602666e-02	2.357731e-02	2.183354e-02
1.118000e+03	4.470313e-02	5.652859e-02	2.333235e-02	2.149105e-02
1.119000e+03	4.459066e-02	5.617547e-02	2.444245e-02	2.233281e-02
1.120000e+03	4.432975e-02	5.650458e-02	2.413087e-02	2.305109e-02
1.121000e+03	4.491568e-02	5.538768e-02	2.372607e-02	2.315411e-02
1.122000e+03	4.483598e-02	5.526948e-02	2.343664e-02	2.284184e-02
1.123000e+03	4.491022e-02	5.676521e-02	2.280769e-02	2.211455e-02
1.124000e+03	4.487234e-02	5.644993e-02	2.421905e-02	2.343719e-02
1.125000e+03	4.521639e-02	5.761876e-02	2.460662e-02	2.533564e-02
1.126000e+03	4.769384e-02	5.687892e-02	2.505553e-02	2.559542e-02
1.127000e+03	4.666176e-02	5.622565e-02	2.514665e-02	2.260832e-02
1.128000e+03	4.618462e-02	5.592642e-02	2.414860e-02	2.548728e-02
1.129000e+03	4.528195e-02	5.591378e-02	2.502711e-02	2.607331e-02
1.130000e+03	4.593626e-02	5.738717e-02	2.480556e-02	2.493104e-02
1.131000e+03	4.456807e-02	5.561999e-02	2.395903e-02	2.246582e-02
1.132000e+03	4.424878e-02	5.596283e-02	2.318104e-02	2.142378e-02
1.133000e+03	4.436827e-02	5.724246e-02	2.267901e-02	2.079788e-02
1.134000e+03	4.534356e-02	5.527466e-02	2.373066e-02	2.311117e-02
1.135000e+03	4.450609e-02	5.726126e-02	2.430644e-02	2.230487e-02
1.136000e+03	4.420979e-02	5.555701e-02	2.356525e-02	2.377908e-02
1.137000e+03	4.429966e-02	5.551380e-02	2.424205e-02	2.286223e-02
1.138000e+03	4.462193e-02	5.678234e-02	2.415739e-02	2.286267e-02
1.139000e+03	4.475482e-02	5.628777e-02	2.381529e-02	2.302938e-02
1.140000e+03	4.452961e-02	5.643170e-02	2.299754e-02	2.170569e-02
1.141000e+03	4.459947e-02	5.740275e-02	2.293886e-02	2.088368e-02
1.142000e+03	4.515847e-02	5.676477e-02	2.473532e-02	2.238053e-02
1.143000e+03	4.525600e-02	5.699594e-02	2.440214e-02	2.234392e-02
1.144000e+03	4.507019e-02	5.511706e-02	2.424716e-02	2.384252e-02
1.145000e+03	4.449824e-02	5.610998e-02	2.383050e-02	2.291327e-02
1.146000e+03	4.472435e-02	5.533556e-02	2.291446e-02	2.257378e-02
1.147000e+03	4.475310e-02	5.714407e-02	2.329199e-02	2.198449e-02
1.148000e+03	4.553473e-02	5.563428e-02	2.351176e-02	2.357159e-02
1.149000e+03	4.464510e-02	5.550108e-02	2.417668e-02	2.262517e-02
1.150000e+03	4.559431e-02	5.557086e-02	2.405742e-02	2.189748e-02
1.151000e+03	4.480815e-02	5.577664e-02	2.340615e-02	2.288315e-02
1.152000e+03	4.501867e-02	5.665524e-02	2.337176e-02	2.415900e-02
1.153000e+03	4.503989e-02	5.743830e-02	2.371413e-02	2.205684e-02
1.154000e+03	4.503860e-02	5.523467e-02	2.333350e-02	2.259844e-02
1.155000e+03	4.523158e-02	5.602640e-02	2.377485e-02	2.157202e-02
1.156000e+03	4.615400e-02	5.712105e-02	2.358806e-02	2.135983e-02
1.157000e+03	4.592265e-02	5.670042e-02	2.417963e-02	2.273007e-02
1.158000e+03	4.495730e-02	5.615222e-02	2.416510e-02	2.236622e-02
1.159000e+03	4.461305e-02	5.573659e-02	2.392587e-02	2.246632e-02
1.160000e+03	4.447767e-02	5.574363e-02	2.398617e-02	2.195315e-02
1.161000e+03	4.539765e-02	5.626586e-02	2.368250e-02	2.126641e-02
1.162000e+03	4.463723e-02	5.612924e-02	2.230311e-02	2.012143e-02
1.163000e+03	4.502249e-02	5.673825e-02	2.206443e-02	2.284112e-02
1.164000e+03	4.503468e-02	5.526344e-02	2.232742e-02	2.127625e-02
1.165000e+03	4.471282e-02	5.782574e-02	2.239479e-02	2.338019e-02
1.166000e+03	4.557255e-02	5.647865e-02	2.300979e-02	2.102185e-02
1.167000e+03	4.480312e-02	5.666371e-02	2.357308e-02	2.350882e-02
1.168000e+03	4.612743e-02	5.969584e-02	2.370617e-02	2.494828e-02
1.169000e+03	4.619574e-02	5.812717e-02	2.341587e-02	2.629848e-02
1.170000e+03	4.618053e-02	5.525278e-02	2.376582e-02	2.274097e-02
1.171000e+03	4.492949e-02	5.654540e-02	2.417972e-02	2.350259e-02
1.172000e+03	4.531651e-02	5.599672e-02	2.505047e-02	2.546429e-02
1.173000e+03	4.567886e-02	5.556245e-02	2.449059e-02	2.495864e-02
1.174000e+03	4.464612e-02	5.632922e-02	2.461376e-02	2.680779e-02
1.175000e+03	4.551846e-02	5.675217e-02	2.477524e-02	2.590892e-02
1.176000e+03	4.591165e-02	5.554995e-02	2.457611e-02	2.469699e-02
1.177000e+03	4.593399e-02	5.780886e-02	2.431071e-02	2.322913e-02
1.178000e+03	4.513852e-02	5.910884e-02	2.429033e-02	2.206109e-02
1.179000e+03	4.577458e-02	5.695582e-02	2.349965e-02	2.099096e-02
1.180000e+03	4.509635e-02	5.586659e-02	2.282156e-02	2.146251e-02
1.181000e+03	4.474876e-02	5.841335e-02	2.261290e-02	2.426743e-02
1.182000e+03	4.660618e-02	5.653176e-02	2.342626e-02	2.183778e-02
1.183000e+03	4.541193e-02	5.622042e-02	2.412842e-02	2.338236e-02
1.184000e+03	4.474511e-02	5.642830e-02	2.500983e-02	2.300478e-02
1.185000e+03	4.479914e-02	5.890353e-02	2.502741e-02	2.068865e-02
1.186000e+03	4.589270e-02	5.742361e-02	2.294807e-02	1.959502e-02
1.187000e+03	4.612353e-02	5.867631e-02	2.327485e-02	2.075482e-02
1.188000e+03	4.640732e-02	5.626402e-02	2.342498e-02	2.208813e-02
1.189000e+03	4.483407e-02	5.700585e-02	2.249545e-02	2.430562e-02
1.190000e+03	4.538875e-02	5.566222e-02	2.379038e-02	2.485695e-02
1.191000e+03	4.428254e-02	5.532200e-02	2.419808e-02	2.479970e-02
1.192000e+03	4.470746e-02	5.774700e-02	2.473432e-02	2.569708e-02
1.193000e+03	4.556547e-02	5.520085e-02	2.400996e-02	2.206207e-02
1.194000e+03	4.469107e-02	5.515419e-02	2.274712e-02	2.161462e-02
1.195000e+03	4.422591e-02	5.587728e-02	2.229873e-02	2.093821e-02
1.196000e+03	4.447216e-02	5.546647e-02	2.247642e-02	2.224811e-02
1.197000e+03	4.407751e-02	5.560615e-02	2.267006e-02	2.309089e-02
1.198000e+03	4.434573e-02	5.666834e-02	2.300753e-02	2.397789e-02
1.199000e+03	4.441881e-02	5.649364e-02	2.328939e-02	2.084717e-02
1.200000e+03	4.478602e-02	5.531371e-02	2.219783e-02	2.169390e-02
1.201000e+03	4.440913e-02	5.624688e-02	2.228355e-02	2.254832e-02
1.202000e+03	4.580606e-02	5.790263e-02	2.361414e-02	2.433537e-02
1.203000e+03	4.540680e-02	5.539631e-02	2.436180e-02	2.540008e-02
1.204000e+03	4.483601e-02	5.624448e-02	2.482752e-02	2.501123e-02
1.205000e+03	4.439655e-02	5.548579e-02	2.421009e-02	2.345137e-02
1.206000e+03	4.460392e-02	5.541049e-02	2.361920e-02	2.278564e-02
1.207000e+03	4.473027e-02	5.761280e-02	2.351875e-02	2.212281e-02
1.208000e+03	4.544812e-02	5.820142e-02	2.347461e-02	2.190382e-02
1.209000e+03	4.544154e-02	5.743420e-02	2.408863e-02	2.189987e-02
1.210000e+03	4.504221e-02	5.682872e-02	2.444796e-02	2.150551e-02
1.211000e+03	4.498872e-02	5.596370e-02	2.380833e-02	2.225455e-02
1.212000e+03	4.488186e-02	5.564377e-02	2.376379e-02	2.331620e-02
1.213000e+03	4.442333e-02	5.746258e-02	2.438425e-02	2.287019e-02
1.214000e+03	4.580680e-02	5.573475e-02	2.389296e-02	2.382516e-02
1.215000e+03	4.514922e-02	5.552599e-02	2.426119e-02	2.464603e-02
1.216000e+03	4.428350e-02	5.616062e-02	2.501620e-02	2.297169e-02
1.217000e+03	4.486180e-02	5.577319e-02	2.424284e-02	2.344751e-02
1.218000e+03	4.498327e-02	5.613614e-02	2.483432e-02	2.296579e-02
1.219000e+03	4.490308e-02	5.814800e-02	2.506533e-02	2.130585e-02
1.220000e+03	4.479092e-02	5.853839e-02	2.472284e-02	2.077222e-02
1.221000e+03	4.612959e-02	5.842996e-02	2.483587e-02	2.146333e-02
1.222000e+03	4.724146e-02	5.585986e-02	2.382267e-02	2.401049e-02
1.223000e+03	4.598307e-02	5.556869e-02	2.432470e-02	2.541246e-02
1.224000e+03	4.468895e-02	5.540412e-02	2.492634e-02	2.535819e-02
1.225000e+03	4.482609e-02	5.580929e-02	2.438076e-02	2.469007e-02
1.226000e+03	4.562871e-02	5.670373e-02	2.405531e-02	2.247064e-02
1.227000e+03	4.579146e-02	5.670674e-02	2.345157e-02	2.319932e-02
1.228000e+03	4.460247e-02	5.634085e-02	2.467948e-02	2.202966e-02
1.229000e+03	4.461505e-02	5.597993e-02	2.359573e-02	2.107815e-02
1.230000e+03	4.527151e-02	5.653960e-02	2.273807e-02	2.024197e-02
1.231000e+03	4.459077e-02	5.941286e-02	2.355639e-02	2.041295e-02
1.232000e+03	4.631858e-02	5.724507e-02	2.366915e-02	2.212224e-02
1.233000e+03	4.423256e-02	5.631403e-02	2.359080e-02	2.461155e-02
1.234000e+03	4.420142e-02	5.522859e-02	2.412448e-02	2.341091e-02
1.235000e+03	4.434847e-02	5.549701e-02	2.323608e-02	2.376145e-02
1.236000e+03	4.432004e-02	5.511477e-02	2.356380e-02	2.370083e-02
1.237000e+03	4.411904e-02	5.534247e-02	2.414767e-02	2.522010e-02
1.238000e+03	4.413967e-02	5.616539e-02	2.394500e-02	2.417098e-02
1.239000e+03	4.450099e-02	5.519186e-02	2.438180e-02	2.393233e-02
1.240000e+03	4.495590e-02	5.519856e-02	2.543535e-02	2.595138e-02
1.241000e+03	4.484356e-02	5.671004e-02	2.681795e-02	2.384012e-02
1.242000e+03	4.446792e-02	5.706755e-02	2.609942e-02	2.209234e-02
1.243000e+03	4.495984e-02	5.700647e-02	2.448406e-02	2.137193e-02
1.244000e+03	4.472703e-02	5.618159e-02	2.429355e-02	2.344758e-02
1.245000e+03	4.581007e-02	5.829522e-02	2.436318e-02	2.239021e-02
1.246000e+03	4.583099e-02	5.630864e-02	2.496762e-02	2.328032e-02
1.247000e+03	4.536504e-02	5.563097e-02	2.382904e-02	2.185580e-02
1.248000e+03	4.450842e-02	5.613001e-02	2.286158e-02	2.147941e-02
1.249000e+03	4.504277e-02	5.734641e-02	2.410264e-02	2.430321e-02
1.250000e+03	4.550601e-02	5.582084e-02	2.489299e-02	2.324770e-02
1.251000e+03	4.425280e-02	5.711573e-02	2.438526e-02	2.317253e-02
1.252000e+03	4.512351e-02	5.597273e-02	2.371821e-02	2.235036e-02
1.253000e+03	4.537281e-02	5.593794e-02	2.332303e-02	2.298528e-02
1.254000e+03	4.466910e-02	5.811862e-02	2.379506e-02	2.464695e-02
1.255000e+03	4.595021e-02	5.708309e-02	2.462442e-02	2.616680e-02
1.256000e+03	4.547983e-02	5.641927e-02	2.473476e-02	2.629875e-02
1.257000e+03	4.518320e-02	5.520333e-02	2.503057e-02	2.466700e-02
1.258000e+03	4.467755e-02	5.556521e-02	2.390110e-02	2.374415e-02
1.259000e+03	4.507986e-02	5.563856e-02	2.399693e-02	2.264111e-02
1.260000e+03	4.504271e-02	5.546857e-02	2.331904e-02	2.238573e-02
1.261000e+03	4.520159e-02	5.664397e-02	2.376828e-02	2.284791e-02
1.262000e+03	4.548960e-02	5.776632e-02	2.461617e-02	2.118885e-02
1.263000e+03	4.482740e-02	5.569674e-02	2.481125e-02	2.348875e-02
1.264000e+03	4.445083e-02	5.531973e-02	2.435857e-02	2.347467e-02
1.265000e+03	4.435324e-02	5.514843e-02	2.416104e-02	2.358264e-02
1.266000e+03	4.467103e-02	5.524999e-02	2.476095e-02	2.413174e-02
1.267000e+03	4.441165e-02	5.713111e-02	2.593043e-02	2.348002e-02
1.268000e+03	4.537362e-02	5.945509e-02	2.589021e-02	2.307722e-02
1.269000e+03	4.559997e-02	5.825200e-02	2.556139e-02	2.277544e-02
1.270000e+03	4.502629e-02	5.562969e-02	2.537162e-02	2.517745e-02
1.271000e+03	4.465910e-02	5.601145e-02	2.503778e-02	2.247487e-02
1.272000e+03	4.448841e-02	5.710520e-02	2.418553e-02	2.097498e-02
1.273000e+03	4.509192e-02	5.612923e-02	2.385908e-02	2.197925e-02
1.274000e+03	4.467019e-02	5.556249e-02	2.408015e-02	2.279203e-02
1.275000e+03	4.441027e-02	5.613274e-02	2.479802e-02	2.400165e-02
1.276000e+03	4.422464e-02	5.539908e-02	2.534186e-02	2.388149e-02
1.277000e+03	4.435859e-02	5.526141e-02	2.527781e-02	2.371675e-02
1.278000e+03	4.493913e-02	5.534237e-02	2.505251e-02	2.552968e-02
1.279000e+03	4.497968e-02	5.513929e-02	2.501076e-02	2.482159e-02
1.280000e+03	4.461364e-02	5.646551e-02	2.384243e-02	2.241891e-02
1.281000e+03	4.530800e-02	5.777497e-02	2.315160e-02	2.417740e-02
1.282000e+03	4.622052e-02	5.924661e-02	2.362330e-02	2.512567e-02
1.283000e+03	4.565838e-02	5.590133e-02	2.426184e-02	2.519398e-02
1.284000e+03	4.532949e-02	5.565476e-02	2.542468e-02	2.447200e-02
1.285000e+03	4.508083e-02	5.804155e-02	2.519880e-02	2.279356e-02
1.286000e+03	4.473861e-02	5.632409e-02	2.514164e-02	2.344650e-02
1.287000e+03	4.458281e-02	5.515785e-02	2.486713e-02	2.420836e-02
1.288000e+03	4.436875e-02	5.644046e-02	2.450630e-02	2.368907e-02
1.289000e+03	4.446332e-02	5.690979e-02	2.407586e-02	2.325055e-02
1.290000e+03	4.623861e-02	5.611538e-02	2.385798e-02	2.144918e-02
1.291000e+03	4.553841e-02	5.620813e-02	2.421357e-02	2.225907e-02
1.292000e+03	4.554346e-02	5.642127e-02	2.433795e-02	2.312153e-02
1.293000e+03	4.455469e-02	5.567477e-02	2.420285e-02	2.369853e-02
1.294000e+03	4.527820e-02	5.664128e-02	2.440857e-02	2.220648e-02
1.295000e+03	4.445878e-02	5.554276e-02	2.400037e-02	2.255504e-02
1.296000e+03	4.459383e-02	5.654846e-02	2.361504e-02	2.114755e-02
1.297000e+03	4.549970e-02	5.841607e-02	2.356123e-02	2.125716e-02
1.298000e+03	4.557861e-02	5.835808e-02	2.374197e-02	2.332190e-02
1.299000e+03	4.605672e-02	5.820733e-02	2.469666e-02	2.175764e-02
1.300000e+03	4.503129e-02	5.888814e-02	2.495000e-02	2.510094e-02
1.301000e+03	4.602839e-02	5.647005e-02	2.558553e-02	2.350737e-02
1.302000e+03	4.535439e-02	5.546333e-02	2.490618e-02	2.511830e-02
1.303000e+03	4.465398e-02	5.689956e-02	2.499936e-02	2.520608e-02
1.304000e+03	4.543405e-02	5.542740e-02	2.379374e-02	2.360482e-02
1.305000e+03	4.496292e-02	5.661457e-02	2.442910e-02	2.368902e-02
1.306000e+03	4.443840e-02	5.579020e-02	2.593358e-02	2.505893e-02
1.307000e+03	4.432020e-02	5.558356e-02	2.685379e-02	2.666067e-02
1.308000e+03	4.479978e-02	5.584320e-02	2.604120e-02	2.651150e-02
1.309000e+03	4.513212e-02	5.728155e-02	2.504797e-02	2.384971e-02
1.310000e+03	4.584980e-02	5.695785e-02	2.426706e-02	2.307351e-02
1.311000e+03	4.612388e-02	5.775013e-02	2.519796e-02	2.403252e-02
1.312000e+03	4.506770e-02	5.851009e-02	2.512348e-02	2.206271e-02
1.313000e+03	4.558316e-02	5.755021e-02	2.396225e-02	2.170312e-02
1.314000e+03	4.471998e-02	5.798602e-02	2.484049e-02	2.598874e-02
1.315000e+03	4.502118e-02	5.678743e-02	2.504383e-02	2.590036e-02
1.316000e+03	4.498160e-02	5.516021e-02	2.409728e-02	2.351793e-02
1.317000e+03	4.432473e-02	5.674586e-02	2.277480e-02	2.130507e-02
1.318000e+03	4.454308e-02	5.603381e-02	2.284845e-02	2.296428e-02
1.319000e+03	4.442950e-02	5.560793e-02	2.436394e-02	2.310606e-02
1.320000e+03	4.491423e-02	5.647624e-02	2.456593e-02	2.203065e-02
1.321000e+03	4.432733e-02	5.784836e-02	2.425538e-02	2.047140e-02
1.322000e+03	4.595671e-02	5.630503e-02	2.422134e-02	2.239075e-02
1.323000e+03	4.518071e-02	5.534878e-02	2.462295e-02	2.605562e-02
1.324000e+03	4.532525e-02	5.629693e-02	2.495992e-02	2.628016e-02
1.325000e+03	4.449503e-02	5.583433e-02	2.461659e-02	2.181688e-02
1.326000e+03	4.481424e-02	5.642607e-02	2.363444e-02	2.136907e-02
1.327000e+03	4.631150e-02	5.552560e-02	2.322128e-02	2.246214e-02
1.328000e+03	4.458405e-02	5.780131e-02	2.434330e-02	2.408583e-02
1.329000e+03	4.613324e-02	5.955481e-02	2.532500e-02	2.053636e-02
1.330000e+03	4.600677e-02	5.535708e-02	2.409834e-02	2.454937e-02
1.331000e+03	4.582732e-02	5.644127e-02	2.394555e-02	2.510999e-02
1.332000e+03	4.494099e-02	5.571990e-02	2.393027e-02	2.517274e-02
1.333000e+03	4.429782e-02	5.554377e-02	2.417573e-02	2.445976e-02
1.334000e+03	4.441644e-02	5.563938e-02	2.467102e-02	2.294024e-02
1.335000e+03	4.427206e-02	5.544304e-02	2.544174e-02	2.541151e-02
1.336000e+03	4.440352e-02	5.681619e-02	2.643286e-02	2.463184e-02
1.337000e+03	4.489603e-02	5.622684e-02	2.651563e-02	2.452357e-02
1.338000e+03	4.519630e-02	5.524886e-02	2.607312e-02	2.504039e-02
1.339000e+03	4.403383e-02	5.573786e-02	2.587719e-02	2.401012e-02
1.340000e+03	4.450214e-02	5.517260e-02	2.506555e-02	2.386863e-02
1.341000e+03	4.455762e-02	5.567712e-02	2.462308e-02	2.446294e-02
1.342000e+03	4.462240e-02	5.789392e-02	2.548831e-02	2.436465e-02
1.343000e+03	4.459841e-02	5.586140e-02	2.563382e-02	2.425235e-02
1.344000e+03	4.461187e-02	5.698533e-02	2.585276e-02	2.527169e-02
1.345000e+03	4.464001e-02	5.618013e-02	2.608829e-02	2.845266e-02
1.346000e+03	4.449655e-02	5.639369e-02	2.658035e-02	2.570572e-02
1.347000e+03	4.423997e-02	5.677396e-02	2.612007e-02	2.458234e-02
1.348000e+03	4.421848e-02	5.706951e-02	2.616530e-02	2.274666e-02
1.349000e+03	4.477844e-02	5.545742e-02	2.582102e-02	2.489882e-02
1.350000e+03	4.582161e-02	5.533396e-02	2.603031e-02	2.584811e-02
1.351000e+03	4.510670e-02	5.616308e-02	2.467319e-02	2.332725e-02
1.352000e+03	4.482792e-02	6.009557e-02	2.508695e-02	2.527898e-02
1.353000e+03	4.629168e-02	5.884797e-02	2.553781e-02	2.369401e-02
1.354000e+03	4.531602e-02	5.551975e-02	2.676876e-02	2.605529e-02
1.355000e+03	4.460768e-02	5.690514e-02	2.675843e-02	2.489503e-02
1.356000e+03	4.531643e-02	5.622430e-02	2.594699e-02	2.580511e-02
1.357000e+03	4.498014e-02	5.576637e-02	2.566181e-02	2.289431e-02
1.358000e+03	4.443289e-02	5.553217e-02	2.439851e-02	2.234135e-02
1.359000e+03	4.496897e-02	5.717189e-02	2.431742e-02	2.264198e-02
1.360000e+03	4.469452e-02	5.587322e-02	2.527010e-02	2.370746e-02
1.361000e+03	4.440371e-02	5.597842e-02	2.577678e-02	2.432728e-02
1.362000e+03	4.441943e-02	5.645752e-02	2.574407e-02	2.243734e-02
1.363000e+03	4.602356e-02	5.607485e-02	2.457378e-02	2.524118e-02
1.364000e+03	4.427513e-02	5.580860e-02	2.491051e-02	2.404265e-02
1.365000e+03	4.419697e-02	5.980397e-02	2.557102e-02	2.376317e-02
1.366000e+03	4.606849e-02	5.777400e-02	2.517109e-02	2.180756e-02
1.367000e+03	4.503370e-02	5.676530e-02	2.438200e-02	2.275741e-02
1.368000e+03	4.456975e-02	5.577991e-02	2.463818e-02	2.576368e-02
1.369000e+03	4.577070e-02	5.556988e-02	2.589511e-02	2.604798e-02
1.370000e+03	4.406651e-02	5.597836e-02	2.580580e-02	2.316915e-02
1.371000e+03	4.436958e-02	5.898751e-02	2.579260e-02	2.236041e-02
1.372000e+03	4.489885e-02	5.571459e-02	2.558750e-02	2.404412e-02
1.373000e+03	4.495677e-02	5.697925e-02	2.506025e-02	2.392843e-02
1.374000e+03	4.487111e-02	5.782354e-02	2.654611e-02	2.530780e-02
1.375000e+03	4.578231e-02	5.579333e-02	2.547242e-02	2.351096e-02
1.376000e+03	4.477910e-02	5.583469e-02	2.434466e-02	2.334576e-02
1.377000e+03	4.436742e-02	5.636521e-02	2.555465e-02	2.368376e-02
1.378000e+03	4.405271e-02	5.681675e-02	2.516183e-02	2.309299e-02
1.379000e+03	4.469097e-02	5.529588e-02	2.421236e-02	2.370412e-02
1.380000e+03	4.426131e-02	5.658730e-02	2.492102e-02	2.542291e-02
1.381000e+03	4.541035e-02	5.678190e-02	2.563948e-02	2.352197e-02
1.382000e+03	4.476790e-02	5.664580e-02	2.684918e-02	2.592626e-02
1.383000e+03	4.524167e-02	5.785308e-02	2.643090e-02	2.254176e-02
1.384000e+03	4.432547e-02	5.687385e-02	2.454602e-02	2.326095e-02
1.385000e+03	4.498098e-02	5.530329e-02	2.365910e-02	2.342708e-02
1.386000e+03	4.450885e-02	5.687349e-02	2.410589e-02	2.174525e-02
1.387000e+03	4.504144e-02	5.528029e-02	2.387305e-02	2.472962e-02
1.388000e+03	4.424574e-02	5.557175e-02	2.492091e-02	2.396627e-02
1.389000e+03	4.443547e-02	5.640185e-02	2.451194e-02	2.421772e-02
1.390000e+03	4.492234e-02	5.765200e-02	2.381394e-02	2.450824e-02
1.391000e+03	4.466298e-02	5.521158e-02	2.500974e-02	2.481858e-02
1.392000e+03	4.424999e-02	5.522174e-02	2.578783e-02	2.473801e-02
1.393000e+03	4.395556e-02	5.561099e-02	2.546304e-02	2.302112e-02
1.394000e+03	4.415978e-02	5.717209e-02	2.432415e-02	2.149805e-02
1.395000e+03	4.418405e-02	5.587030e-02	2.404131e-02	2.401889e-02
1.396000e+03	4.474893e-02	5.568856e-02	2.456529e-02	2.317471e-02
1.397000e+03	4.440472e-02	5.831532e-02	2.455244e-02	2.397078e-02
1.398000e+03	4.590298e-02	5.716331e-02	2.557279e-02	2.524494e-02
1.399000e+03	4.475558e-02	5.652014e-02	2.652078e-02	2.470277e-02
1.400000e+03	4.449317e-02	5.743773e-02	2.674518e-02	2.288804e-02
1.401000e+03	4.493668e-02	5.613915e-02	2.711105e-02	2.503159e-02
1.402000e+03	4.455788e-02	5.650438e-02	2.620832e-02	2.362193e-02
1.403000e+03	4.643615e-02	5.700794e-02	2.498960e-02	2.491263e-02
1.404000e+03	4.551001e-02	5.543744e-02	2.540340e-02	2.532963e-02
1.405000e+03	4.500511e-02	5.508272e-02	2.470722e-02	2.393383e-02
1.406000e+03	4.518308e-02	5.620837e-02	2.562981e-02	2.605940e-02
1.407000e+03	4.419516e-02	5.598288e-02	2.670694e-02	2.568865e-02
1.408000e+03	4.423882e-02	5.614111e-02	2.505939e-02	2.360129e-02
1.409000e+03	4.534758e-02	5.756166e-02	2.410412e-02	2.526308e-02
1.410000e+03	4.570105e-02	6.285407e-02	2.562073e-02	2.764819e-02
1.411000e+03	4.736641e-02	5.622869e-02	2.638411e-02	2.434375e-02
1.412000e+03	4.485430e-02	5.810167e-02	2.634287e-02	2.305989e-02
1.413000e+03	4.566649e-02	5.578912e-02	2.604678e-02	2.400304e-02
1.414000e+03	4.541890e-02	5.794919e-02	2.539770e-02	2.207642e-02
1.415000e+03	4.494276e-02	5.596291e-02	2.594025e-02	2.505289e-02
1.416000e+03	4.485882e-02	5.580553e-02	2.545075e-02	2.441979e-02
1.417000e+03	4.438459e-02	5.627014e-02	2.429044e-02	2.428326e-02
1.418000e+03	4.570938e-02	5.835026e-02	2.428968e-02	2.496596e-02
1.419000e+03	4.602745e-02	5.616719e-02	2.497702e-02	2.478653e-02
1.420000e+03	4.509734e-02	5.721881e-02	2.508658e-02	2.365198e-02
1.421000e+03	4.472478e-02	5.594350e-02	2.442024e-02	2.271508e-02
1.422000e+03	4.446905e-02	5.540591e-02	2.359275e-02	2.280192e-02
1.423000e+03	4.421951e-02	5.521392e-02	2.357394e-02	2.357729e-02
1.424000e+03	4.465020e-02	5.527224e-02	2.451885e-02	2.423177e-02
1.425000e+03	4.411112e-02	5.533266e-02	2.431526e-02	2.326301e-02
1.426000e+03	4.458440e-02	5.527112e-02	2.367901e-02	2.375839e-02
1.427000e+03	4.498188e-02	5.592872e-02	2.470953e-02	2.677168e-02
1.428000e+03	4.404682e-02	5.522530e-02	2.580078e-02	2.554565e-02
1.429000e+03	4.412490e-02	5.576120e-02	2.553964e-02	2.354689e-02
1.430000e+03	4.432486e-02	5.632725e-02	2.459094e-02	2.227279e-02
1.431000e+03	4.431087e-02	5.598592e-02	2.424310e-02	2.434862e-02
1.432000e+03	4.399765e-02	5.575281e-02	2.534752e-02	2.522271e-02
1.433000e+03	4.454904e-02	5.556039e-02	2.580718e-02	2.584255e-02
1.434000e+03	4.453360e-02	5.595265e-02	2.582603e-02	2.274915e-02
1.435000e+03	4.430836e-02	5.525801e-02	2.542216e-02	2.421822e-02
1.436000e+03	4.443967e-02	5.552540e-02	2.523112e-02	2.485281e-02
1.437000e+03	4.436691e-02	5.631005e-02	2.535479e-02	2.701993e-02
1.438000e+03	4.450384e-02	5.593218e-02	2.679797e-02	2.669612e-02
1.439000e+03	4.460683e-02	5.670411e-02	2.760319e-02	2.703653e-02
1.440000e+03	4.444241e-02	5.633777e-02	2.710849e-02	2.487533e-02
1.441000e+03	4.576891e-02	5.551885e-02	2.635487e-02	2.473710e-02
1.442000e+03	4.644623e-02	5.699433e-02	2.760712e-02	2.735562e-02
1.443000e+03	4.822045e-02	5.716705e-02	2.738002e-02	3.098421e-02
1.444000e+03	4.687193e-02	5.746644e-02	2.853618e-02	2.931358e-02
1.445000e+03	4.605672e-02	5.602374e-02	2.660895e-02	2.552276e-02
1.446000e+03	4.485382e-02	5.625600e-02	2.457629e-02	2.530050e-02
1.447000e+03	4.464709e-02	5.582350e-02	2.404617e-02	2.531817e-02
1.448000e+03	4.421428e-02	5.766396e-02	2.498472e-02	2.550068e-02
1.449000e+03	4.598415e-02	5.894411e-02	2.540279e-02	2.600517e-02
1.450000e+03	4.599981e-02	5.691107e-02	2.534513e-02	2.435165e-02
1.451000e+03	4.656914e-02	5.594137e-02	2.607387e-02	2.621011e-02
1.452000e+03	4.466713e-02	5.628020e-02	2.655528e-02	2.372903e-02
1.453000e+03	4.532966e-02	5.627316e-02	2.669734e-02	2.443928e-02
1.454000e+03	4.476631e-02	5.550508e-02	2.653910e-02	2.554789e-02
1.455000e+03	4.470107e-02	5.802361e-02	2.605269e-02	2.478820e-02
1.456000e+03	4.601630e-02	5.623407e-02	2.583831e-02	2.581356e-02
1.457000e+03	4.510148e-02	5.711420e-02	2.539210e-02	2.710234e-02
1.458000e+03	4.528484e-02	5.814104e-02	2.608358e-02	2.498580e-02
1.459000e+03	4.509126e-02	5.590793e-02	2.597290e-02	2.433160e-02
1.460000e+03	4.428979e-02	5.726515e-02	2.562153e-02	2.332200e-02
1.461000e+03	4.571909e-02	5.987605e-02	2.573676e-02	2.298847e-02
1.462000e+03	4.527337e-02	5.588057e-02	2.483614e-02	2.505121e-02
1.463000e+03	4.460442e-02	5.584921e-02	2.528623e-02	2.543793e-02
1.464000e+03	4.461319e-02	5.530774e-02	2.459806e-02	2.373987e-02
1.465000e+03	4.433140e-02	5.517121e-02	2.329512e-02	2.285324e-02
1.466000e+03	4.419545e-02	5.649700e-02	2.394191e-02	2.339047e-02
1.467000e+03	4.422148e-02	5.534752e-02	2.458234e-02	2.447224e-02
1.468000e+03	4.383800e-02	5.525873e-02	2.627384e-02	2.537649e-02
1.469000e+03	4.445137e-02	5.641784e-02	2.617845e-02	2.434313e-02
1.470000e+03	4.475858e-02	5.655682e-02	2.554454e-02	2.495970e-02
1.471000e+03	4.472579e-02	5.576392e-02	2.604779e-02	2.579466e-02
1.472000e+03	4.470212e-02	5.810134e-02	2.709167e-02	2.490607e-02
1.473000e+03	4.637366e-02	5.934696e-02	2.870386e-02	2.402359e-02
1.474000e+03	4.539960e-02	5.931060e-02	2.811534e-02	2.404054e-02
1.475000e+03	4.549317e-02	5.816277e-02	2.701296e-02	2.293726e-02
1.476000e+03	4.523621e-02	5.615430e-02	2.596127e-02	2.390172e-02
1.477000e+03	4.487423e-02	5.768919e-02	2.599237e-02	2.543261e-02
1.478000e+03	4.489360e-02	5.666247e-02	2.645624e-02	2.386308e-02
1.479000e+03	4.487992e-02	5.617693e-02	2.612418e-02	2.432686e-02
1.480000e+03	4.469056e-02	5.573085e-02	2.621103e-02	2.487348e-02
1.481000e+03	4.620993e-02	5.996456e-02	2.586476e-02	2.653827e-02
1.482000e+03	4.475935e-02	5.687438e-02	2.501120e-02	2.437599e-02
1.483000e+03	4.548999e-02	5.564052e-02	2.508285e-02	2.436902e-02
1.484000e+03	4.453059e-02	5.657710e-02	2.612557e-02	2.490530e-02
1.485000e+03	4.463591e-02	5.564649e-02	2.785217e-02	2.727017e-02
1.486000e+03	4.434607e-02	5.526974e-02	2.701144e-02	2.570670e-02
1.487000e+03	4.425240e-02	5.530549e-02	2.603797e-02	2.520067e-02
1.488000e+03	4.505211e-02	6.023399e-02	2.634436e-02	2.298399e-02
1.489000e+03	4.554360e-02	5.734970e-02	2.717366e-02	2.417493e-02
1.490000e+03	4.508595e-02	5.633846e-02	2.656935e-02	2.413286e-02
1.491000e+03	4.407678e-02	5.525140e-02	2.601959e-02	2.470813e-02
1.492000e+03	4.421322e-02	5.531510e-02	2.534326e-02	2.557200e-02
1.493000e+03	4.414030e-02	5.569684e-02	2.605966e-02	2.481571e-02
1.494000e+03	4.416362e-02	5.564760e-02	2.660638e-02	2.543801e-02
1.495000e+03	4.466334e-02	5.592441e-02	2.676322e-02	2.391320e-02
1.496000e+03	4.420841e-02	5.728961e-02	2.609574e-02	2.464228e-02
1.497000e+03	4.412729e-02	5.611559e-02	2.592854e-02	2.581974e-02
1.498000e+03	4.464940e-02	5.576920e-02	2.767880e-02	2.742534e-02
1.499000e+03	4.487985e-02	5.792549e-02	2.845567e-02	2.497969e-02
1.500000e+03	4.443985e-02	5.634602e-02	2.790380e-02	2.409816e-02
