0.000000000000000000e+00 -0.000000000000000000e+00
5.000000000000000278e-02 -5.283794145601462822e-03
1.000000000000000056e-01 -2.005951638003444434e-02
1.500000000000000222e-01 -4.267067780966449925e-02
2.000000000000000111e-01 -7.143660466673333598e-02
2.500000000000000000e-01 -1.046938715334994885e-01
3.000000000000000444e-01 -1.408377345663791025e-01
3.500000000000000333e-01 -1.783680965429678966e-01
4.000000000000000222e-01 -2.160765461324347658e-01
4.500000000000000111e-01 -2.529211967251968618e-01
5.000000000000000000e-01 -2.867284623481421990e-01
5.500000000000000444e-01 -3.176631350684634980e-01
6.000000000000000888e-01 -3.445783209691315463e-01
6.500000000000000222e-01 -3.664675574085120568e-01
7.000000000000000666e-01 -3.787781082976321989e-01
7.500000000000000000e-01 -3.954059455680207780e-01
8.000000000000000444e-01 -3.783409599871692119e-01
8.500000000000000888e-01 -3.595707885884124044e-01
9.000000000000000222e-01 -3.247286828697057981e-01
9.500000000000000666e-01 -2.704697943743223365e-01
1.000000000000000000e+00 -1.938675877446439377e-01
1.050000000000000044e+00 -8.909843989769160311e-02
1.100000000000000089e+00 4.020264305835381802e-02
1.150000000000000133e+00 1.937906320810731386e-01
1.200000000000000178e+00 3.578249647161939051e-01
1.250000000000000000e+00 5.299540400926274764e-01
1.300000000000000044e+00 6.438403642192054299e-01
1.350000000000000089e+00 6.945942657001509257e-01
1.400000000000000133e+00 6.894551657018614943e-01
1.450000000000000178e+00 6.324470686024113997e-01
1.500000000000000000e+00 5.353602630071816471e-01
1.550000000000000044e+00 4.303298954013786703e-01
1.600000000000000089e+00 3.069655251234675308e-01
1.650000000000000133e+00 2.473319623919819354e-01
1.700000000000000178e+00 1.377764186996695284e-01
1.750000000000000000e+00 -5.340262129060402256e-03
1.800000000000000044e+00 -2.512663262588840096e-01
1.850000000000000089e+00 -3.343068213631574248e-01
1.900000000000000133e+00 -3.140201459126020778e-01
1.950000000000000178e+00 -1.851302142792015937e-01
2.000000000000000000e+00 6.845392261977374659e-02
2.050000000000000266e+00 3.660507663889256413e-01
2.100000000000000089e+00 5.927552600873917665e-01
2.149999999999999911e+00 6.809158679784136359e-01
2.200000000000000178e+00 6.581680464663828278e-01
2.250000000000000000e+00 6.122376051070655967e-01
2.300000000000000266e+00 5.810125144617996895e-01
2.350000000000000089e+00 5.353252446072847004e-01
2.400000000000000355e+00 4.324163491555730321e-01
2.450000000000000178e+00 2.705653360735003066e-01
2.500000000000000000e+00 1.086390608798850910e-01
2.550000000000000266e+00 -3.417488251519981701e-02
2.600000000000000089e+00 -1.328577466914316330e-01
2.650000000000000355e+00 -2.791359247162409352e-01
2.700000000000000178e+00 -5.362101904368841154e-01
2.750000000000000000e+00 -8.009785347405525835e-01
2.800000000000000266e+00 -1.002256801295395627e+00
2.850000000000000089e+00 -1.147696991686436796e+00
2.900000000000000355e+00 -1.245339251786727441e+00
2.950000000000000178e+00 -1.346627446277464113e+00
3.000000000000000000e+00 -1.417015421509139728e+00
3.050000000000000266e+00 -1.423920034721704697e+00
3.100000000000000089e+00 -1.354086693943756137e+00
3.150000000000000355e+00 -1.263851608071274057e+00
3.200000000000000178e+00 -1.038806907566405480e+00
3.250000000000000000e+00 -9.054426993083106723e-01
3.300000000000000266e+00 -5.851779487078059283e-01
3.350000000000000089e+00 -3.848009151513133164e-01
3.400000000000000355e+00 -2.114744687771926701e-01
3.450000000000000178e+00 1.030312193829621692e-01
3.500000000000000000e+00 4.371473621192458192e-01
3.550000000000000266e+00 8.348962147369171083e-01
3.600000000000000089e+00 1.299989891081051896e+00
3.650000000000000355e+00 1.768288872546021739e+00
3.700000000000000178e+00 1.954800796827478759e+00
3.750000000000000000e+00 1.709942373744375077e+00
3.800000000000000266e+00 1.193018280613121318e+00
3.850000000000000089e+00 6.620354924055710244e-01
3.900000000000000355e+00 3.472348395503215834e-01
3.950000000000000178e+00 2.145461538464531748e-01
4.000000000000000000e+00 1.305944500102097505e-01
4.049999999999999822e+00 4.052887744403704112e-02
4.100000000000000533e+00 -2.362165488318955509e-02
4.150000000000000355e+00 7.884942903797763358e-02
4.200000000000000178e+00 2.445210578255615774e-01
4.250000000000000000e+00 5.238331275022477529e-01
4.299999999999999822e+00 7.082923313505971041e-01
4.350000000000000533e+00 8.816055847288096770e-01
4.400000000000000355e+00 1.100864163166171972e+00
4.450000000000000178e+00 1.311658966590668607e+00
4.500000000000000000e+00 1.338446442300176287e+00
4.549999999999999822e+00 1.169036407798248023e+00
4.600000000000000533e+00 9.102019954473865582e-01
4.650000000000000355e+00 5.679204523465999355e-01
4.700000000000000178e+00 2.018117800255168348e-01
4.750000000000000000e+00 -1.749908381515592193e-01
4.800000000000000711e+00 -5.696428276164686721e-01
4.850000000000000533e+00 -9.871184644809281039e-01
4.900000000000000355e+00 -1.379171106558381599e+00
4.950000000000000178e+00 -1.707560848364861883e+00
5.000000000000000000e+00 -1.927022048280749633e+00
5.050000000000000711e+00 -2.054086572489702167e+00
5.100000000000000533e+00 -2.085210654600529789e+00
5.150000000000000355e+00 -2.005595543842141115e+00
5.200000000000000178e+00 -1.831310089765467719e+00
5.250000000000000000e+00 -1.568983473279013996e+00
5.300000000000000711e+00 -1.212437939363058659e+00
5.350000000000000533e+00 -8.197352794270736931e-01
5.400000000000000355e+00 -3.101830128108274409e-01
5.450000000000000178e+00 2.975951680787826056e-02
5.500000000000000000e+00 3.165398560723660104e-01
5.550000000000000711e+00 5.120004866371338226e-01
5.600000000000000533e+00 6.173116664801363562e-01
5.650000000000000355e+00 6.157577592129053201e-01
5.700000000000000178e+00 5.803837427947944327e-01
5.750000000000000000e+00 6.060114479619089778e-01
5.800000000000000711e+00 7.448958259834771445e-01
5.850000000000000533e+00 9.685207207811407093e-01
5.900000000000000355e+00 1.182682548892571406e+00
5.950000000000000178e+00 1.343781964273206508e+00
6.000000000000000000e+00 1.214682835757080692e+00
6.050000000000000711e+00 9.394496265576399718e-01
6.100000000000000533e+00 5.158579171020327703e-01
6.150000000000000355e+00 7.451392089928997320e-02
6.200000000000000178e+00 -2.856915162289319632e-01
6.250000000000000000e+00 -5.152743699961531698e-01
6.300000000000000711e+00 -6.643712452436447702e-01
6.350000000000000533e+00 -6.577968773227217403e-01
6.400000000000000355e+00 -4.267123754421087711e-01
6.450000000000000178e+00 -1.367965218325277732e-01
6.500000000000000000e+00 3.211835556429372684e-01
6.550000000000000711e+00 5.347166393306356236e-01
6.600000000000000533e+00 8.446421505741655844e-01
6.650000000000000355e+00 9.781513894659001895e-01
6.700000000000000178e+00 9.806071543732596263e-01
6.750000000000000000e+00 9.491892644046924232e-01
6.800000000000000711e+00 9.199711929834585300e-01
6.850000000000000533e+00 8.167321092035043639e-01
6.900000000000000355e+00 5.646459600585486127e-01
6.950000000000000178e+00 2.729076519155650415e-01
7.000000000000000000e+00 6.587223820717576922e-03
7.050000000000000711e+00 -2.653701592831902434e-01
7.100000000000000533e+00 -5.864455296397902417e-01
7.150000000000000355e+00 -9.372788921741489476e-01
7.200000000000000178e+00 -1.251733284330618812e+00
7.250000000000000000e+00 -1.491349057218670060e+00
7.300000000000000711e+00 -1.623016431866208142e+00
7.350000000000000533e+00 -1.577230951508088674e+00
7.400000000000000355e+00 -1.409304220403251984e+00
7.450000000000000178e+00 -1.171258562472610176e+00
7.500000000000000000e+00 -8.371661836783593769e-01
7.550000000000000711e+00 -4.754136087076075712e-01
7.600000000000000533e+00 -1.720792161159120093e-01
7.650000000000000355e+00 1.112052094997441481e-01
7.700000000000000178e+00 4.600017842226092335e-01
7.750000000000000000e+00 7.518093676844128659e-01
7.800000000000000711e+00 8.970320736388122107e-01
7.850000000000000533e+00 9.223168342314908008e-01
7.900000000000000355e+00 8.739105489782389435e-01
7.950000000000000178e+00 7.613225385115720556e-01
8.000000000000000000e+00 6.125239025752816646e-01
8.050000000000000711e+00 4.690498624346384759e-01
8.099999999999999645e+00 4.282392430522662941e-01
8.150000000000000355e+00 4.807500254546945295e-01
8.200000000000001066e+00 4.201675617002510466e-01
8.250000000000000000e+00 2.541628148370708162e-01
8.300000000000000711e+00 7.555163167273562519e-02
8.349999999999999645e+00 -4.464956199117365437e-02
8.400000000000000355e+00 -1.477648718504794012e-01
8.450000000000001066e+00 -2.498014472404934960e-01
8.500000000000000000e+00 -3.713378094873382995e-01
8.550000000000000711e+00 -3.762822615022046735e-01
8.599999999999999645e+00 -4.515245448442848919e-01
8.650000000000000355e+00 -4.229592618771180201e-01
8.700000000000001066e+00 -3.656825036837270670e-01
8.750000000000000000e+00 -2.727110546909497502e-01
8.800000000000000711e+00 -1.356293778312256393e-01
8.849999999999999645e+00 2.850736750586024826e-02
8.900000000000000355e+00 2.630367667930026410e-01
8.950000000000001066e+00 5.543979370508786975e-01
9.000000000000000000e+00 6.908296276873588937e-01
9.050000000000000711e+00 6.208738804956174251e-01
9.099999999999999645e+00 4.342234433537020544e-01
9.150000000000000355e+00 2.486374459748799670e-01
9.200000000000001066e+00 3.713795196022754569e-02
9.250000000000000000e+00 -3.049222867639528878e-01
9.300000000000000711e+00 -5.755467910157872069e-01
9.349999999999999645e+00 -7.211347808502039936e-01
9.400000000000000355e+00 -7.094193789879881251e-01
9.450000000000001066e+00 -6.244765150957652944e-01
9.500000000000000000e+00 -5.472465858591341048e-01
9.550000000000000711e+00 -4.969439407638068240e-01
9.600000000000001421e+00 -4.495384424642824839e-01
9.650000000000000355e+00 -3.382373774171869574e-01
9.700000000000001066e+00 -1.273809286125253681e-01
9.750000000000000000e+00 4.009011841564121686e-02
9.800000000000000711e+00 1.774329054961186203e-01
9.850000000000001421e+00 3.042988203931769053e-01
9.900000000000000355e+00 4.621458716617912743e-01
9.950000000000001066e+00 5.538673417010846478e-01
1.000000000000000000e+01 6.195361956791608504e-01
1.005000000000000071e+01 6.358122542588491299e-01
1.010000000000000142e+01 6.100465884475265721e-01
1.015000000000000036e+01 5.474480741825256125e-01
1.020000000000000107e+01 4.711760668412737774e-01
1.025000000000000000e+01 3.702007863316552627e-01
1.030000000000000071e+01 2.669609395885454428e-01
1.035000000000000142e+01 9.531428209000586405e-02
1.040000000000000036e+01 -3.553642369116771955e-03
1.045000000000000107e+01 -1.089858304481813867e-01
1.050000000000000000e+01 -1.605632494209217886e-01
1.055000000000000071e+01 -2.339857221557093414e-01
1.060000000000000142e+01 -3.666745493837381686e-01
1.065000000000000036e+01 -4.212688541525828056e-01
1.070000000000000107e+01 -4.105756225198955445e-01
1.075000000000000000e+01 -3.827682382640142378e-01
1.080000000000000071e+01 -3.313227643223443097e-01
1.085000000000000142e+01 -3.029884516044820675e-01
1.090000000000000036e+01 -1.707142244034697554e-01
1.095000000000000107e+01 -2.568280704216464524e-02
1.100000000000000000e+01 7.018277874989482801e-02
1.105000000000000071e+01 1.650886035910175409e-01
1.110000000000000142e+01 1.475899124432324405e-01
1.115000000000000036e+01 1.053200324572347163e-01
1.120000000000000107e+01 6.203980703191293300e-02
1.125000000000000000e+01 3.666603040357949671e-03
1.130000000000000071e+01 -3.812951017737657017e-02
1.135000000000000142e+01 -3.194520847864924101e-02
1.140000000000000036e+01 5.186369128431760067e-02
1.145000000000000107e+01 2.235244067641897672e-03
1.150000000000000000e+01 -2.924749286439898982e-02
1.155000000000000071e+01 -1.030186021352892944e-01
1.160000000000000142e+01 -1.907510018529315343e-01
1.165000000000000036e+01 -2.007747526901833834e-01
1.170000000000000107e+01 -1.831884593724893151e-01
1.175000000000000000e+01 -1.677266412909715898e-01
1.180000000000000071e+01 -1.003312981844772800e-01
1.185000000000000142e+01 -4.573340601574014258e-02
1.190000000000000036e+01 5.543081663600566561e-02
1.195000000000000107e+01 2.077362061618150679e-01
1.200000000000000000e+01 2.692250295371813040e-01
1.205000000000000071e+01 3.311094153606061186e-01
1.210000000000000142e+01 3.086214908292144732e-01
1.215000000000000036e+01 2.776348478918003737e-01
1.220000000000000107e+01 2.752378101533249910e-01
1.225000000000000000e+01 2.158012136829728922e-01
1.230000000000000071e+01 9.756048500709441074e-02
1.235000000000000142e+01 1.146054327825762192e-01
1.240000000000000036e+01 2.938163551297604328e-02
1.245000000000000107e+01 -3.216532275896489407e-02
1.250000000000000000e+01 -5.484895717013210659e-02
1.255000000000000071e+01 -1.054579728559533192e-01
1.260000000000000142e+01 -1.183857681492192504e-01
1.265000000000000036e+01 -1.846819276930918297e-01
1.270000000000000107e+01 -2.295210659489921590e-01
1.275000000000000000e+01 -2.136868102159969196e-01
1.280000000000000071e+01 -1.988558793352173393e-01
1.285000000000000142e+01 -1.885215652439457823e-01
1.290000000000000036e+01 -1.634311174491667462e-01
1.295000000000000107e+01 -1.059836379459195010e-01
1.300000000000000000e+01 -3.434235158366590740e-02
1.305000000000000071e+01 -5.645768747142810434e-02
1.310000000000000142e+01 7.752442806459947447e-03
1.315000000000000036e+01 5.513530853031031048e-02
1.320000000000000107e+01 7.373252408599138830e-02
1.325000000000000000e+01 6.326804762535502558e-02
1.330000000000000071e+01 7.439472742486581691e-02
1.335000000000000142e+01 7.194960730368912816e-02
1.340000000000000036e+01 1.025658199681340893e-01
1.345000000000000107e+01 6.881793912798413182e-02
1.350000000000000000e+01 5.527850116957780391e-02
1.355000000000000071e+01 2.318240232542179147e-02
1.360000000000000142e+01 3.924291851202173220e-02
1.365000000000000036e+01 1.047410956298542271e-02
1.370000000000000107e+01 1.743222695610429718e-03
1.375000000000000000e+01 8.978653584340575561e-03
1.380000000000000071e+01 3.885770013409227397e-02
1.385000000000000142e+01 -4.445556153681182177e-03
1.390000000000000036e+01 1.362304695789116546e-02
1.395000000000000107e+01 3.167710209256942994e-02
1.400000000000000000e+01 7.009814263205002560e-02
1.405000000000000071e+01 6.940240139813876052e-02
1.410000000000000142e+01 8.115241023986931312e-02
1.415000000000000036e+01 7.320289050576800349e-02
1.420000000000000107e+01 2.783864905914984478e-02
1.425000000000000000e+01 3.056762024054771390e-02
1.430000000000000071e+01 -3.189465315964773603e-04
1.435000000000000142e+01 -1.614775750623526768e-02
1.440000000000000036e+01 8.873353582641130277e-03
1.445000000000000107e+01 -3.240784947968328861e-02
1.450000000000000000e+01 -3.423704042273545411e-02
1.455000000000000071e+01 -4.070433032765548298e-02
1.460000000000000142e+01 -4.428198695613937835e-02
1.465000000000000036e+01 -6.595734519634387227e-02
1.470000000000000107e+01 -1.000583435768562235e-01
1.475000000000000000e+01 -7.872921024728313233e-02
1.480000000000000071e+01 -1.103054496361211695e-01
1.485000000000000142e+01 -5.694153643509940882e-02
1.490000000000000036e+01 -6.914528589544925719e-02
1.495000000000000107e+01 2.680736868842892653e-02
1.500000000000000000e+01 -2.653528935553030928e-03
1.505000000000000071e+01 4.676248281085731984e-03
1.510000000000000142e+01 -1.009724944593332584e-02
1.515000000000000036e+01 -1.495775158542443682e-03
1.520000000000000107e+01 -1.637878004118311845e-02
1.525000000000000000e+01 2.515894708062402230e-02
1.530000000000000071e+01 2.975369569761901825e-02
1.535000000000000142e+01 -1.599415476414205520e-02
1.540000000000000036e+01 -1.563551808785810723e-02
1.545000000000000107e+01 7.235736770508109650e-02
1.550000000000000000e+01 1.751841949466491355e-02
1.555000000000000071e+01 5.324323413262651433e-02
1.560000000000000142e+01 -2.188312139919176163e-04
1.565000000000000036e+01 6.874589417396667103e-03
1.570000000000000107e+01 5.994947778314992787e-02
