0.000000000000000000e+00 -0.000000000000000000e+00
5.000000000000000278e-02 -6.904628381433950725e-03
1.000000000000000056e-01 -2.620186014454554957e-02
1.500000000000000222e-01 -5.574046574810032073e-02
2.000000000000000111e-01 -9.335564352383608766e-02
2.500000000000000000e-01 -1.368958036334267103e-01
3.000000000000000444e-01 -1.842493520254460670e-01
3.500000000000000333e-01 -2.333082922702887918e-01
4.000000000000000222e-01 -2.806872491609156417e-01
4.500000000000000111e-01 -3.266419036152096722e-01
5.000000000000000000e-01 -3.813619774618546843e-01
5.500000000000000444e-01 -4.100188549714103847e-01
6.000000000000000888e-01 -4.396000824312769617e-01
6.500000000000000222e-01 -4.669850306393518724e-01
7.000000000000000666e-01 -4.876368165431982926e-01
7.500000000000000000e-01 -4.993713177185079011e-01
8.000000000000000444e-01 -5.014015285948086875e-01
8.500000000000000888e-01 -4.902230669335209123e-01
9.000000000000000222e-01 -4.622199426877894868e-01
9.500000000000000666e-01 -4.372586447115519581e-01
1.000000000000000000e+00 -3.543576070335093808e-01
1.050000000000000044e+00 -2.656922632689956987e-01
1.100000000000000089e+00 -1.389675991467261562e-01
1.150000000000000133e+00 1.725588600723611254e-02
1.200000000000000178e+00 1.964473187588680336e-01
1.250000000000000000e+00 3.939408273367361879e-01
1.300000000000000044e+00 5.843694782766929441e-01
1.350000000000000089e+00 7.293956130441401342e-01
1.400000000000000133e+00 8.035919358536337542e-01
1.450000000000000178e+00 7.987940773841158970e-01
1.500000000000000000e+00 7.400509107828778799e-01
1.550000000000000044e+00 6.392349466514309908e-01
1.600000000000000089e+00 5.299266779788694981e-01
1.650000000000000133e+00 4.116369448420240662e-01
1.700000000000000178e+00 3.049530680919422254e-01
1.750000000000000000e+00 1.418038089452831607e-01
1.800000000000000044e+00 -4.817519318857310662e-02
1.850000000000000089e+00 -2.005535195141166516e-01
1.900000000000000133e+00 -2.547653059681797560e-01
1.950000000000000178e+00 -2.067619172878801259e-01
2.000000000000000000e+00 -4.004195925224894592e-02
2.050000000000000266e+00 2.498516482580150633e-01
2.100000000000000089e+00 5.539621750651091414e-01
2.149999999999999911e+00 7.482062481624532913e-01
2.200000000000000178e+00 7.927175365105229021e-01
2.250000000000000000e+00 7.437943824206839638e-01
2.300000000000000266e+00 6.913978228453112607e-01
2.350000000000000089e+00 6.539461449960055628e-01
2.400000000000000355e+00 5.754598150126725153e-01
2.450000000000000178e+00 4.260683496235053158e-01
2.500000000000000000e+00 2.363933283340837188e-01
2.550000000000000266e+00 6.355715359768128458e-02
2.600000000000000089e+00 -7.452632942427661611e-02
2.650000000000000355e+00 -2.201279406696474150e-01
2.700000000000000178e+00 -4.411051872751394765e-01
2.750000000000000000e+00 -7.336231236649638499e-01
2.800000000000000266e+00 -1.006168091453394364e+00
2.850000000000000089e+00 -1.180998308204741276e+00
2.900000000000000355e+00 -1.293750029672232849e+00
2.950000000000000178e+00 -1.409179639256196381e+00
3.000000000000000000e+00 -1.513580297147470111e+00
3.050000000000000266e+00 -1.563702286264513130e+00
3.100000000000000089e+00 -1.536801992530533401e+00
3.150000000000000355e+00 -1.429491972854157966e+00
3.200000000000000178e+00 -1.398003474811422286e+00
3.250000000000000000e+00 -1.062145293178030636e+00
3.300000000000000266e+00 -8.188796606452487525e-01
3.350000000000000089e+00 -5.782448318856124869e-01
3.400000000000000355e+00 -3.444009438961493363e-01
3.450000000000000178e+00 -1.075629740569806619e-01
3.500000000000000000e+00 2.098623059422237702e-01
3.550000000000000266e+00 5.886207383882410271e-01
3.600000000000000089e+00 1.039766554834974599e+00
3.650000000000000355e+00 1.541553686905197340e+00
3.700000000000000178e+00 1.928462112188857214e+00
3.750000000000000000e+00 1.886493732538392809e+00
3.800000000000000266e+00 1.446767291765965302e+00
3.850000000000000089e+00 9.374798544245962484e-01
3.900000000000000355e+00 4.977943522656882447e-01
3.950000000000000178e+00 3.161645185767731903e-01
4.000000000000000000e+00 2.138383578834612553e-01
4.049999999999999822e+00 1.322212669335165736e-01
4.100000000000000533e+00 5.615688472613463572e-02
4.150000000000000355e+00 8.789604920277686861e-02
4.200000000000000178e+00 2.491283435244133759e-01
4.250000000000000000e+00 5.264577250905752015e-01
4.299999999999999822e+00 7.337644947645912685e-01
4.350000000000000533e+00 9.184051265217489934e-01
4.400000000000000355e+00 1.020153010430268958e+00
4.450000000000000178e+00 1.350101141207436628e+00
4.500000000000000000e+00 1.450276178405333960e+00
4.549999999999999822e+00 1.330064472472740178e+00
4.600000000000000533e+00 1.094285342304921471e+00
4.650000000000000355e+00 7.632730865604476778e-01
4.700000000000000178e+00 3.878552839078429071e-01
4.750000000000000000e+00 9.730101781779644174e-03
4.800000000000000711e+00 -3.901254098093714373e-01
4.850000000000000533e+00 -8.246670929312445164e-01
4.900000000000000355e+00 -1.240561371529090851e+00
4.950000000000000178e+00 -1.612917007203534592e+00
5.000000000000000000e+00 -1.871268901856452560e+00
5.050000000000000711e+00 -2.044494829340048891e+00
5.100000000000000533e+00 -2.109727840814822120e+00
5.150000000000000355e+00 -2.076298693432518938e+00
5.200000000000000178e+00 -1.924174086117109050e+00
5.250000000000000000e+00 -1.688323815961333851e+00
5.300000000000000711e+00 -1.353731371326162058e+00
5.350000000000000533e+00 -9.384355957213362798e-01
5.400000000000000355e+00 -4.809017993650523404e-01
5.450000000000000178e+00 -1.049024495130977397e-01
5.500000000000000000e+00 1.693565683499858865e-01
5.550000000000000711e+00 3.954371743011969587e-01
5.600000000000000533e+00 5.255336725637085316e-01
5.650000000000000355e+00 5.450880366846762026e-01
5.700000000000000178e+00 5.053820614390552857e-01
5.750000000000000000e+00 5.132885614018493081e-01
5.800000000000000711e+00 6.186805937047068493e-01
5.850000000000000533e+00 8.515025418199466678e-01
5.900000000000000355e+00 1.103412106141740345e+00
5.950000000000000178e+00 1.265862106933251185e+00
6.000000000000000000e+00 1.223784954634875799e+00
6.050000000000000711e+00 1.086865448573265391e+00
6.100000000000000533e+00 5.028923982605898457e-01
6.150000000000000355e+00 1.275913586579862369e-01
6.200000000000000178e+00 -2.352476538662516825e-01
6.250000000000000000e+00 -5.257329462919680951e-01
6.300000000000000711e+00 -6.859351294659052911e-01
6.350000000000000533e+00 -7.001784618153572559e-01
6.400000000000000355e+00 -5.079828046424301746e-01
6.450000000000000178e+00 -1.623441248095303935e-01
6.500000000000000000e+00 2.293567652244016264e-01
6.550000000000000711e+00 5.611173600282129970e-01
6.600000000000000533e+00 8.215597435533571469e-01
6.650000000000000355e+00 9.999769554332501587e-01
6.700000000000000178e+00 1.031379754307195862e+00
6.750000000000000000e+00 1.005638994754232796e+00
6.800000000000000711e+00 9.844404225567083833e-01
6.850000000000000533e+00 9.020713896027038325e-01
6.900000000000000355e+00 6.689858890761674060e-01
6.950000000000000178e+00 4.051586957996003435e-01
7.000000000000000000e+00 1.121853294010307783e-01
7.050000000000000711e+00 -1.352398615939699733e-01
7.100000000000000533e+00 -3.873270300622535522e-01
7.150000000000000355e+00 -8.048281686166001148e-01
7.200000000000000178e+00 -1.119174763339204848e+00
7.250000000000000000e+00 -1.397019646884536614e+00
7.300000000000000711e+00 -1.533814436197905140e+00
7.350000000000000533e+00 -1.566788931926930806e+00
7.400000000000000355e+00 -1.436660930660630831e+00
7.450000000000000178e+00 -1.209157343349219094e+00
7.500000000000000000e+00 -8.891326535509775919e-01
7.550000000000000711e+00 -5.292016808920909643e-01
7.600000000000000533e+00 -2.162324010708979172e-01
7.650000000000000355e+00 5.454518303411987762e-02
7.700000000000000178e+00 3.917825596461326776e-01
7.750000000000000000e+00 6.923146716501007436e-01
7.800000000000000711e+00 8.682094807947342563e-01
7.850000000000000533e+00 9.056198461224186369e-01
7.900000000000000355e+00 8.638534497595726780e-01
7.950000000000000178e+00 7.571683129664708023e-01
8.000000000000000000e+00 5.989814672474632617e-01
8.050000000000000711e+00 4.537753870232198450e-01
8.099999999999999645e+00 3.878609390005968161e-01
8.150000000000000355e+00 4.260260159320152784e-01
8.200000000000001066e+00 3.906329674462647450e-01
8.250000000000000000e+00 2.252610360726131633e-01
8.300000000000000711e+00 4.518709649748015034e-02
8.349999999999999645e+00 -9.066315350368642223e-02
8.400000000000000355e+00 -1.821799895346174480e-01
8.450000000000001066e+00 -2.886007812753944579e-01
8.500000000000000000e+00 -4.122429140961189065e-01
8.550000000000000711e+00 -4.301338422277768969e-01
8.599999999999999645e+00 -5.118045672848413608e-01
8.650000000000000355e+00 -4.781101270389311320e-01
8.700000000000001066e+00 -4.366310320098571451e-01
8.750000000000000000e+00 -3.459218814343243409e-01
8.800000000000000711e+00 -1.967808198634453387e-01
8.849999999999999645e+00 -2.612219314348510762e-02
8.900000000000000355e+00 1.760096402167732887e-01
8.950000000000001066e+00 4.776278524421504468e-01
9.000000000000000000e+00 6.770127113004149599e-01
9.050000000000000711e+00 6.169067519840899516e-01
9.099999999999999645e+00 4.708030313708872483e-01
9.150000000000000355e+00 3.076102107916389161e-01
9.200000000000001066e+00 2.336381863107275247e-01
9.250000000000000000e+00 -2.056629641264949016e-01
9.300000000000000711e+00 -5.275853660509618459e-01
9.349999999999999645e+00 -6.846427931274110534e-01
9.400000000000000355e+00 -7.072353117084760887e-01
9.450000000000001066e+00 -6.104879571504607805e-01
9.500000000000000000e+00 -5.258354306930291822e-01
9.550000000000000711e+00 -4.560801357365128483e-01
9.600000000000001421e+00 -4.039480939231918644e-01
9.650000000000000355e+00 -2.990632081488325822e-01
9.700000000000001066e+00 -1.197996105218046559e-01
9.750000000000000000e+00 8.989082311169449557e-02
9.800000000000000711e+00 1.922515933616096018e-01
9.850000000000001421e+00 3.536940252648422822e-01
9.900000000000000355e+00 4.905194711372286021e-01
9.950000000000001066e+00 5.953080987085695996e-01
1.000000000000000000e+01 6.440003022319940040e-01
1.005000000000000071e+01 6.736851242572315934e-01
1.010000000000000142e+01 6.652435122764984721e-01
1.015000000000000036e+01 5.953234610187958520e-01
1.020000000000000107e+01 5.126004887594729498e-01
1.025000000000000000e+01 4.040964588160638193e-01
1.030000000000000071e+01 2.995834833702438194e-01
1.035000000000000142e+01 1.237222415403280568e-01
1.040000000000000036e+01 1.973636687607504409e-02
1.045000000000000107e+01 -9.055094496574310481e-02
1.050000000000000000e+01 -1.401705039892922611e-01
1.055000000000000071e+01 -2.405088556263088040e-01
1.060000000000000142e+01 -3.476556809704094975e-01
1.065000000000000036e+01 -4.070883822797350948e-01
1.070000000000000107e+01 -4.239860144053295699e-01
1.075000000000000000e+01 -4.055194235838769923e-01
1.080000000000000071e+01 -3.631249177912835857e-01
1.085000000000000142e+01 -3.386204156751354555e-01
1.090000000000000036e+01 -2.362551358029252868e-01
1.095000000000000107e+01 -8.452655352095220231e-02
1.100000000000000000e+01 2.973740198334405560e-02
1.105000000000000071e+01 8.570518459895175301e-02
1.110000000000000142e+01 1.000871400227047875e-01
1.115000000000000036e+01 7.412500325253844335e-02
1.120000000000000107e+01 3.272500126321212927e-02
1.125000000000000000e+01 -1.844465915061405115e-02
1.130000000000000071e+01 -8.624559835456396817e-02
1.135000000000000142e+01 -7.495292825519689339e-02
1.140000000000000036e+01 -2.285594902489968341e-02
1.145000000000000107e+01 -2.699646582518421337e-02
1.150000000000000000e+01 -6.260659113986777324e-02
1.155000000000000071e+01 -1.382040010760534898e-01
1.160000000000000142e+01 -2.355814056143271940e-01
1.165000000000000036e+01 -2.358756826473609458e-01
1.170000000000000107e+01 -2.400223511634567986e-01
1.175000000000000000e+01 -2.082693543869756636e-01
1.180000000000000071e+01 -1.436978465553630790e-01
1.185000000000000142e+01 -6.536007403433891083e-02
1.190000000000000036e+01 4.984878698706802364e-02
1.195000000000000107e+01 1.840301618133000916e-01
1.200000000000000000e+01 2.548250722499114662e-01
1.205000000000000071e+01 2.976262307072551350e-01
1.210000000000000142e+01 3.117558902807588961e-01
1.215000000000000036e+01 3.165178231317608004e-01
1.220000000000000107e+01 2.768335792341461987e-01
1.225000000000000000e+01 2.437726103426044177e-01
1.230000000000000071e+01 1.227417377645013269e-01
1.235000000000000142e+01 1.214139685018023052e-01
1.240000000000000036e+01 7.838575982524266517e-02
1.245000000000000107e+01 6.352444358096225908e-03
1.250000000000000000e+01 -1.921931265790014984e-02
1.255000000000000071e+01 -4.559410610226500432e-02
1.260000000000000142e+01 -1.054158603780971093e-01
1.265000000000000036e+01 -1.527886727530243238e-01
1.270000000000000107e+01 -1.704198724982719515e-01
1.275000000000000000e+01 -1.671674200255096887e-01
1.280000000000000071e+01 -1.552779722255229755e-01
1.285000000000000142e+01 -1.301340890372575110e-01
1.290000000000000036e+01 -8.936796680341690946e-02
1.295000000000000107e+01 -5.054905305854508896e-02
1.300000000000000000e+01 1.864754023239405256e-02
1.305000000000000071e+01 1.974831176949209954e-02
1.310000000000000142e+01 7.685756437978370770e-02
1.315000000000000036e+01 1.254676730426771969e-01
1.320000000000000107e+01 1.333257276038358197e-01
1.325000000000000000e+01 1.112940516172398614e-01
1.330000000000000071e+01 1.283774985930943580e-01
1.335000000000000142e+01 9.057499635001553528e-02
1.340000000000000036e+01 9.790972308922644973e-02
1.345000000000000107e+01 7.725233245576355878e-02
1.350000000000000000e+01 6.645807154010077711e-02
1.355000000000000071e+01 2.920378498851937399e-02
1.360000000000000142e+01 2.831752619940605328e-02
1.365000000000000036e+01 4.731575370146072447e-04
1.370000000000000107e+01 9.561994116541612521e-02
1.375000000000000000e+01 -1.666423963133015218e-02
1.380000000000000071e+01 -3.652777647619929319e-02
1.385000000000000142e+01 -3.485923369905098018e-02
1.390000000000000036e+01 -4.720849570155790514e-02
1.395000000000000107e+01 -1.347835815148420470e-02
1.400000000000000000e+01 -1.142485572399621133e-02
1.405000000000000071e+01 9.814300910414252427e-03
1.410000000000000142e+01 1.684015188978080571e-02
1.415000000000000036e+01 1.010825088230722993e-02
1.420000000000000107e+01 -7.245178682329101762e-03
1.425000000000000000e+01 -5.481582573433165136e-03
1.430000000000000071e+01 -6.884902344706513022e-02
1.435000000000000142e+01 -1.107126164190207762e-01
1.440000000000000036e+01 -8.005991257255268279e-02
1.445000000000000107e+01 -7.813643036440819090e-02
1.450000000000000000e+01 -9.933976252442798527e-02
1.455000000000000071e+01 -1.497911366003150668e-01
1.460000000000000142e+01 -1.567284521348043524e-01
1.465000000000000036e+01 -1.926844621982617689e-01
1.470000000000000107e+01 -1.614908471791344224e-01
1.475000000000000000e+01 -1.483090657154821357e-01
1.480000000000000071e+01 -1.849467324744614727e-01
1.485000000000000142e+01 -1.298817869717504292e-01
1.490000000000000036e+01 -1.005538712225552134e-01
1.495000000000000107e+01 -3.235628135825786844e-02
1.500000000000000000e+01 -5.740982871686414746e-02
1.505000000000000071e+01 2.422956080417032476e-02
1.510000000000000142e+01 2.232249959690645741e-02
1.515000000000000036e+01 5.664973698962583182e-02
1.520000000000000107e+01 9.224934546671174906e-02
1.525000000000000000e+01 9.836959952287380182e-02
1.530000000000000071e+01 1.369269814243718186e-01
1.535000000000000142e+01 1.244312271682243842e-01
1.540000000000000036e+01 1.754392485803233648e-01
1.545000000000000107e+01 2.110925788059952179e-01
1.550000000000000000e+01 2.431605140964704370e-01
1.555000000000000071e+01 2.457244256056695109e-01
1.560000000000000142e+01 2.710998506442394707e-01
1.565000000000000036e+01 2.791162964126539525e-01
1.570000000000000107e+01 3.306002097610981072e-01
