# r_data chir_mag_data chir_real_data r_model chir_mag_model chir_real_model
0.000000e+00 8.032644e-04 8.032644e-04 0.000000e+00 1.253300e-02 1.253300e-02
3.067962e-02 7.790010e-04 7.306915e-04 3.067962e-02 1.262406e-02 1.259933e-02
6.135923e-02 7.056819e-04 5.322696e-04 6.135923e-02 1.286226e-02 1.274907e-02
9.203885e-02 5.832110e-04 2.665684e-04 9.203885e-02 1.316768e-02 1.286862e-02
1.227185e-01 4.156666e-04 2.483563e-05 1.227185e-01 1.346792e-02 1.285479e-02
1.533981e-01 2.166250e-04 -9.745270e-05 1.533981e-01 1.373702e-02 1.267051e-02
1.840777e-01 6.559656e-05 -4.898572e-05 1.840777e-01 1.399783e-02 1.233846e-02
2.147573e-01 2.244667e-04 1.369834e-04 2.147573e-01 1.429056e-02 1.188268e-02
2.454369e-01 3.756947e-04 3.469778e-04 2.454369e-01 1.463007e-02 1.127297e-02
2.761165e-01 4.492883e-04 4.488929e-04 2.761165e-01 1.498364e-02 1.042517e-02
3.067962e-01 4.202855e-04 3.791010e-04 3.067962e-01 1.528662e-02 9.262122e-03
3.374758e-01 2.818043e-04 1.942704e-04 3.374758e-01 1.548452e-02 7.783582e-03
3.681554e-01 5.549181e-05 4.260288e-05 3.681554e-01 1.557149e-02 6.078382e-03
3.988350e-01 2.514187e-04 6.501034e-05 3.988350e-01 1.559869e-02 4.256107e-03
4.295146e-01 5.498284e-04 2.928219e-04 4.295146e-01 1.564012e-02 2.348144e-03
4.601942e-01 7.911107e-04 6.178718e-04 4.601942e-01 1.572791e-02 2.692260e-04
4.908739e-01 9.146005e-04 8.590239e-04 4.908739e-01 1.579688e-02 -2.100441e-03
5.215535e-01 8.737551e-04 8.727725e-04 5.215535e-01 1.568165e-02 -4.743011e-03
5.522331e-01 6.365339e-04 6.185037e-04 5.522331e-01 1.516923e-02 -7.357367e-03
5.829127e-01 1.700681e-04 1.314061e-04 5.829127e-01 1.407161e-02 -9.367561e-03
6.135923e-01 6.307517e-04 -5.465991e-04 6.135923e-01 1.228275e-02 -1.012694e-02
6.442719e-01 1.920188e-03 -1.357118e-03 6.442719e-01 9.805688e-03 -9.226990e-03
6.749515e-01 3.994478e-03 -2.052913e-03 6.749515e-01 6.750092e-03 -6.733095e-03
7.056312e-01 7.201187e-03 -1.930143e-03 7.056312e-01 3.312875e-03 -3.197424e-03
7.363108e-01 1.188520e-02 2.978271e-04 7.363108e-01 7.199059e-04 5.667197e-04
7.669904e-01 1.832087e-02 6.207267e-03 7.669904e-01 4.121749e-03 3.811937e-03
7.976700e-01 2.665252e-02 1.685581e-02 7.976700e-01 7.708362e-03 6.084643e-03
8.283496e-01 3.684518e-02 3.171530e-02 8.283496e-01 1.125443e-02 7.229103e-03
8.590292e-01 4.865059e-02 4.792156e-02 8.590292e-01 1.484536e-02 7.207831e-03
8.897089e-01 6.159498e-02 6.046042e-02 8.897089e-01 1.857469e-02 5.913078e-03
9.203885e-01 7.499412e-02 6.355672e-02 9.203885e-01 2.245401e-02 3.144191e-03
9.510681e-01 8.799846e-02 5.290375e-02 9.510681e-01 2.637819e-02 -1.216256e-03
9.817477e-01 9.966769e-02 2.779551e-02 9.817477e-01 3.016744e-02 -6.975503e-03
1.012427e+00 1.090704e-01 -7.932017e-03 1.012427e+00 3.366981e-02 -1.357678e-02
1.043107e+00 1.154018e-01 -4.680843e-02 1.043107e+00 3.688669e-02 -2.033716e-02
1.073787e+00 1.181102e-01 -8.027983e-02 1.073787e+00 4.007206e-02 -2.686813e-02
1.104466e+00 1.170272e-01 -1.018464e-01 1.104466e+00 4.373596e-02 -3.338513e-02
1.135146e+00 1.124965e-01 -1.093706e-01 1.135146e+00 4.848433e-02 -4.062845e-02
1.165825e+00 1.055053e-01 -1.055052e-01 1.165825e+00 5.473258e-02 -4.935651e-02
1.196505e+00 9.779877e-02 -9.610797e-02 1.196505e+00 6.249143e-02 -5.968959e-02
1.227185e+00 9.185513e-02 -8.748743e-02 1.227185e+00 7.139602e-02 -7.074360e-02
1.257864e+00 9.036032e-02 -8.382271e-02 1.257864e+00 8.093311e-02 -8.085203e-02
1.288544e+00 9.496847e-02 -8.587553e-02 1.288544e+00 9.071784e-02 -8.828499e-02
1.319223e+00 1.053977e-01 -9.132403e-02 1.319223e+00 1.007221e-01 -9.199249e-02
1.349903e+00 1.201065e-01 -9.619369e-02 1.349903e+00 1.113973e-01 -9.181257e-02
1.380583e+00 1.375879e-01 -9.642860e-02 1.380583e+00 1.236281e-01 -8.790644e-02
1.411262e+00 1.569891e-01 -8.883256e-02 1.411262e+00 1.384765e-01 -7.973597e-02
1.441942e+00 1.780932e-01 -7.120229e-02 1.441942e+00 1.567986e-01 -6.530679e-02
1.472622e+00 2.010784e-01 -4.202970e-02 1.472622e+00 1.789504e-01 -4.133603e-02
1.503301e+00 2.262890e-01 -3.008573e-04 1.503301e+00 2.047720e-01 -4.442298e-03
1.533981e+00 2.541205e-01 5.435912e-02 1.533981e+00 2.338424e-01 4.725443e-02
1.564660e+00 2.850445e-01 1.213462e-01 1.564660e+00 2.658604e-01 1.130757e-01
1.595340e+00 3.197171e-01 1.988239e-01 1.595340e+00 3.009964e-01 1.898654e-01
1.626020e+00 3.590678e-01 2.835618e-01 1.626020e+00 3.400991e-01 2.729016e-01
1.656699e+00 4.042579e-01 3.704521e-01 1.656699e+00 3.846569e-01 3.565091e-01
1.687379e+00 4.564611e-01 4.512329e-01 1.687379e+00 4.364693e-01 4.332126e-01
1.718058e+00 5.165091e-01 5.125800e-01 1.718058e+00 4.970933e-01 4.913372e-01
1.748738e+00 5.845280e-01 5.348426e-01 1.748738e+00 5.672585e-01 5.126482e-01
1.779418e+00 6.596986e-01 4.935388e-01 1.779418e+00 6.464717e-01 4.728335e-01
1.810097e+00 7.402044e-01 3.653727e-01 1.810097e+00 7.329115e-01 3.472389e-01
1.840777e+00 8.233536e-01 1.386102e-01 1.840777e+00 8.235777e-01 1.219104e-01
1.871457e+00 9.058158e-01 -1.752586e-01 1.871457e+00 9.145904e-01 -1.934758e-01
1.902136e+00 9.839123e-01 -5.340217e-01 1.902136e+00 1.001549e+00 -5.569711e-01
1.932816e+00 1.053913e+00 -8.670336e-01 1.932816e+00 1.079900e+00 -8.963035e-01
1.963495e+00 1.112313e+00 -1.090009e+00 1.963495e+00 1.145281e+00 -1.124382e+00
1.994175e+00 1.156067e+00 -1.129791e+00 1.994175e+00 1.193839e+00 -1.165482e+00
2.024855e+00 1.182778e+00 -9.511746e-01 2.024855e+00 1.222493e+00 -9.834361e-01
2.055534e+00 1.190825e+00 -5.751498e-01 2.055534e+00 1.229140e+00 -6.004356e-01
2.086214e+00 1.179441e+00 -7.968596e-02 2.086214e+00 1.212795e+00 -9.722748e-02
2.116893e+00 1.148726e+00 4.196439e-01 2.116893e+00 1.173654e+00 4.077164e-01
2.147573e+00 1.099625e+00 8.037743e-01 2.147573e+00 1.113069e+00 7.938864e-01
2.178253e+00 1.033852e+00 9.870445e-01 2.178253e+00 1.033462e+00 9.765021e-01
2.208932e+00 9.537803e-01 9.431577e-01 2.208932e+00 9.381570e-01 9.321647e-01
2.239612e+00 8.623142e-01 7.104995e-01 2.239612e+00 8.311675e-01 7.028177e-01
2.270292e+00 7.627293e-01 3.752891e-01 2.270292e+00 7.169367e-01 3.771486e-01
2.300971e+00 6.585062e-01 3.979510e-02 2.300971e+00 6.000664e-01 5.750158e-02
2.331651e+00 5.531580e-01 -2.116732e-01 2.331651e+00 4.850476e-01 -1.743794e-01
2.362330e+00 4.500596e-01 -3.363416e-01 2.362330e+00 3.760203e-01 -2.800327e-01
2.393010e+00 3.522895e-01 -3.387181e-01 2.393010e+00 2.765914e-01 -2.684337e-01
2.423690e+00 2.624910e-01 -2.589307e-01 2.423690e+00 1.897677e-01 -1.827633e-01
2.454369e+00 1.827640e-01 -1.508436e-01 2.454369e+00 1.181769e-01 -7.761907e-02
2.485049e+00 1.145984e-01 -6.006339e-02 2.485049e+00 6.538616e-02 2.938233e-03
2.515728e+00 5.888963e-02 -1.025416e-02 2.515728e+00 4.059718e-02 3.824522e-02
2.546408e+00 1.665730e-02 -1.248482e-03 2.546408e+00 4.612063e-02 3.176907e-02
2.577088e+00 1.804968e-02 -1.691886e-02 2.577088e+00 5.683932e-02 2.241039e-03
2.607767e+00 3.772938e-02 -3.716621e-02 2.607767e+00 6.145623e-02 -2.885803e-02
2.638447e+00 4.860131e-02 -4.792823e-02 2.638447e+00 5.932957e-02 -4.732318e-02
2.669127e+00 5.199315e-02 -4.540949e-02 2.669127e+00 5.229893e-02 -5.012450e-02
2.699806e+00 5.004742e-02 -3.421369e-02 2.699806e+00 4.309425e-02 -4.307846e-02
2.730486e+00 4.533113e-02 -2.191065e-02 2.730486e+00 3.516012e-02 -3.497841e-02
2.761165e+00 4.083569e-02 -1.363387e-02 2.761165e+00 3.205186e-02 -3.183856e-02
2.791845e+00 3.947251e-02 -9.463562e-03 2.791845e+00 3.448670e-02 -3.401875e-02
2.822525e+00 4.241427e-02 -5.380796e-03 2.822525e+00 3.942909e-02 -3.704831e-02
2.853204e+00 4.831981e-02 3.387533e-03 2.853204e+00 4.384221e-02 -3.503880e-02
2.883884e+00 5.504980e-02 1.886120e-02 2.883884e+00 4.622427e-02 -2.451080e-02
2.914563e+00 6.105733e-02 3.865122e-02 2.914563e+00 4.618548e-02 -6.571913e-03
2.945243e+00 6.553102e-02 5.696881e-02 2.945243e+00 4.402908e-02 1.355421e-02
2.975923e+00 6.820559e-02 6.759823e-02 2.975923e+00 4.052092e-02 2.921427e-02
3.006602e+00 6.922860e-02 6.706733e-02 3.006602e+00 3.671429e-02 3.566156e-02
3.037282e+00 6.912192e-02 5.615472e-02 3.037282e+00 3.372603e-02 3.216583e-02
3.067962e+00 6.881520e-02 3.881477e-02 3.067962e+00 3.245056e-02 2.170135e-02
3.098641e+00 6.967774e-02 1.914048e-02 3.098641e+00 3.345645e-02 8.405428e-03
3.129321e+00 7.336821e-02 -1.683635e-03 3.129321e+00 3.734574e-02 -5.585093e-03
3.160000e+00 8.133993e-02 -2.617391e-02 3.160000e+00 4.512758e-02 -2.168708e-02
3.190680e+00 9.426559e-02 -5.791179e-02 3.190680e+00 5.789152e-02 -4.327921e-02
3.221360e+00 1.119281e-01 -9.643836e-02 3.221360e+00 7.616539e-02 -7.131270e-02
3.252039e+00 1.335601e-01 -1.327176e-01 3.252039e+00 9.971654e-02 -9.962661e-02
3.282719e+00 1.581918e-01 -1.488909e-01 3.282719e+00 1.277084e-01 -1.135643e-01
3.313399e+00 1.848360e-01 -1.244918e-01 3.313399e+00 1.588906e-01 -9.449561e-02
3.344078e+00 2.125814e-01 -4.782478e-02 3.344078e+00 1.917614e-01 -2.979567e-02
3.374758e+00 2.406703e-01 7.255907e-02 3.374758e+00 2.247413e-01 7.594472e-02
3.405437e+00 2.685846e-01 2.032013e-01 3.405437e+00 2.563778e-01 1.950190e-01
3.436117e+00 2.961290e-01 2.930585e-01 3.436117e+00 2.855783e-01 2.815693e-01
3.466797e+00 3.234844e-01 2.927129e-01 3.466797e+00 3.118507e-01 2.883515e-01
3.497476e+00 3.512008e-01 1.787374e-01 3.497476e+00 3.355102e-01 1.897833e-01
3.528156e+00 3.801017e-01 -2.808289e-02 3.528156e+00 3.577827e-01 7.478466e-04
3.558835e+00 4.110954e-01 -2.614636e-01 3.558835e+00 3.807034e-01 -2.197481e-01
3.589515e+00 4.449247e-01 -4.296962e-01 3.589515e+00 4.067217e-01 -3.855116e-01
3.620195e+00 4.819231e-01 -4.516069e-01 3.620195e+00 4.380305e-01 -4.166832e-01
3.650874e+00 5.218521e-01 -2.940709e-01 3.650874e+00 4.758401e-01 -2.767102e-01
3.681554e+00 5.638640e-01 6.271242e-03 3.681554e+00 5.199305e-01 4.285088e-03
3.712234e+00 6.065858e-01 3.492988e-01 3.712234e+00 5.686684e-01 3.327320e-01
3.742913e+00 6.482805e-01 6.061640e-01 3.742913e+00 6.193933e-01 5.834060e-01
3.773593e+00 6.870384e-01 6.697904e-01 3.773593e+00 6.689383e-01 6.485329e-01
3.804272e+00 7.209618e-01 5.000986e-01 3.804272e+00 7.141030e-01 4.838535e-01
3.834952e+00 7.483226e-01 1.439275e-01 3.834952e+00 7.520135e-01 1.311275e-01
3.865632e+00 7.676851e-01 -2.800457e-01 3.865632e+00 7.803640e-01 -2.940177e-01
3.896311e+00 7.779931e-01 -6.259076e-01 3.896311e+00 7.975611e-01 -6.449945e-01
3.926991e+00 7.786231e-01 -7.761617e-01 3.926991e+00 8.027849e-01 -8.003611e-01
3.957670e+00 7.694071e-01 -6.852344e-01 3.957670e+00 7.959786e-01 -7.096885e-01
3.988350e+00 7.506274e-01 -3.933395e-01 3.988350e+00 7.777794e-01 -4.104071e-01
4.019030e+00 7.229887e-01 -6.501018e-03 4.019030e+00 7.494007e-01 -9.787869e-03
4.049709e+00 6.875689e-01 3.469353e-01 4.049709e+00 7.124814e-01 3.587399e-01
4.080389e+00 6.457545e-01 5.639021e-01 4.080389e+00 6.689204e-01 5.855190e-01
4.111069e+00 5.991631e-01 5.990602e-01 4.111069e+00 6.207134e-01 6.204170e-01
4.141748e+00 5.495566e-01 4.713534e-01 4.141748e+00 5.698107e-01 4.819406e-01
4.172428e+00 4.987491e-01 2.461072e-01 4.172428e+00 5.180092e-01 2.397902e-01
4.203107e+00 4.485125e-01 3.994787e-03 4.203107e+00 4.668856e-01 -1.811101e-02
4.233787e+00 4.004825e-01 -1.884349e-01 4.233787e+00 4.177688e-01 -2.184752e-01
4.264467e+00 3.560658e-01 -2.956699e-01 4.264467e+00 3.717411e-01 -3.227120e-01
4.295146e+00 3.163526e-01 -3.144436e-01 4.295146e+00 3.296475e-01 -3.294950e-01
4.325826e+00 2.820382e-01 -2.636193e-01 4.325826e+00 2.920950e-01 -2.635729e-01
4.356505e+00 2.533672e-01 -1.707595e-01 4.356505e+00 2.594253e-01 -1.594230e-01
4.387185e+00 2.301214e-01 -6.218950e-02 4.387185e+00 2.316671e-01 -4.802941e-02
4.417865e+00 2.116741e-01 4.092001e-02 4.417865e+00 2.084970e-01 4.909067e-02
4.448544e+00 1.971111e-01 1.222373e-01 4.448544e+00 1.892571e-01 1.194803e-01
4.479224e+00 1.853893e-01 1.693811e-01 4.479224e+00 1.730594e-01 1.567890e-01
4.509904e+00 1.754820e-01 1.749961e-01 4.509904e+00 1.589608e-01 1.589178e-01
4.540583e+00 1.664768e-01 1.395593e-01 4.540583e+00 1.461436e-01 1.284653e-01
4.571263e+00 1.576241e-01 7.344364e-02 4.571263e+00 1.340340e-01 7.404674e-02
4.601942e+00 1.483529e-01 -4.396433e-03 4.601942e+00 1.223303e-01 1.003537e-02
4.632622e+00 1.382726e-01 -7.182903e-02 4.632622e+00 1.109530e-01 -4.664608e-02
4.663302e+00 1.271721e-01 -1.110993e-01 4.663302e+00 9.995087e-02 -8.185231e-02
4.693981e+00 1.150139e-01 -1.150121e-01 4.693981e+00 8.940179e-02 -8.911093e-02
4.724661e+00 1.019211e-01 -8.872224e-02 4.724661e+00 7.934322e-02 -7.148262e-02
4.755340e+00 8.815225e-02 -4.637675e-02 4.755340e+00 6.975049e-02 -3.939394e-02
4.786020e+00 7.406382e-02 -4.495690e-03 4.786020e+00 6.056240e-02 -5.657113e-03
4.816700e+00 6.005980e-02 2.456138e-02 4.816700e+00 5.173012e-02 1.970067e-02
4.847379e+00 4.653342e-02 3.614516e-02 4.847379e+00 4.325516e-02 3.236670e-02
4.878059e+00 3.380510e-02 3.291270e-02 4.878059e+00 3.518844e-02 3.353982e-02
4.908739e+00 2.206475e-02 2.163578e-02 4.908739e+00 2.758481e-02 2.752642e-02
4.939418e+00 1.133557e-02 9.487953e-03 4.939418e+00 2.044718e-02 1.902828e-02
4.970098e+00 1.790417e-03 1.673217e-03 4.970098e+00 1.379097e-02 1.163583e-02
5.000777e+00 8.274970e-03 8.685061e-04 5.000777e+00 8.478755e-03 7.760238e-03
5.031457e+00 1.770535e-02 7.647721e-03 5.031457e+00 9.278280e-03 9.063764e-03
5.062137e+00 2.755624e-02 2.071303e-02 5.062137e+00 1.707246e-02 1.623249e-02
5.092816e+00 3.808970e-02 3.649236e-02 5.092816e+00 2.787649e-02 2.779635e-02
5.123496e+00 4.941745e-02 4.878837e-02 5.123496e+00 4.052753e-02 3.894624e-02
5.154175e+00 6.148381e-02 4.971826e-02 5.154175e+00 5.447669e-02 4.191132e-02
5.184855e+00 7.409692e-02 3.260761e-02 5.184855e+00 6.916090e-02 2.882128e-02
5.215535e+00 8.697298e-02 -3.938378e-03 5.215535e+00 8.396516e-02 -3.667044e-03
5.246214e+00 9.977906e-02 -5.291459e-02 5.246214e+00 9.828074e-02 -5.033126e-02
5.276894e+00 1.121688e-01 -9.910951e-02 5.276894e+00 1.115774e-01 -9.673301e-02
5.307574e+00 1.238104e-01 -1.236781e-01 5.307574e+00 1.234653e-01 -1.234636e-01
5.338253e+00 1.344069e-01 -1.118661e-01 5.338253e+00 1.337347e-01 -1.142557e-01
5.368933e+00 1.437109e-01 -6.060546e-02 5.368933e+00 1.423633e-01 -6.449190e-02
5.399612e+00 1.515330e-01 1.786293e-02 5.399612e+00 1.494885e-01 1.423892e-02
5.430292e+00 1.577462e-01 9.875232e-02 5.430292e+00 1.553442e-01 9.650103e-02
5.460972e+00 1.622845e-01 1.534233e-01 5.460972e+00 1.601751e-01 1.521017e-01
5.491651e+00 1.651391e-01 1.606443e-01 5.491651e+00 1.641477e-01 1.583493e-01
5.522331e+00 1.663498e-01 1.155888e-01 5.522331e+00 1.672854e-01 1.100663e-01
5.553010e+00 1.659959e-01 3.251071e-02 5.553010e+00 1.694473e-01 2.266027e-02
5.583690e+00 1.641856e-01 -6.026026e-02 5.583690e+00 1.703568e-01 -7.340914e-02
5.614370e+00 1.610456e-01 -1.310064e-01 5.614370e+00 1.696670e-01 -1.445227e-01
5.645049e+00 1.567135e-01 -1.565513e-01 5.645049e+00 1.670418e-01 -1.670199e-01
5.675729e+00 1.513308e-01 -1.305567e-01 5.675729e+00 1.622306e-01 -1.359272e-01
5.706409e+00 1.450394e-01 -6.501523e-02 5.706409e+00 1.551224e-01 -6.577722e-02
5.737088e+00 1.379805e-01 1.527060e-02 5.737088e+00 1.457743e-01 1.638402e-02
5.767768e+00 1.302950e-01 8.257657e-02 5.767768e+00 1.344131e-01 8.233656e-02
5.798447e+00 1.221255e-01 1.163415e-01 5.798447e+00 1.214167e-01 1.133125e-01
5.829127e+00 1.136192e-01 1.096064e-01 5.829127e+00 1.072790e-01 1.056319e-01
5.859807e+00 1.049306e-01 6.980980e-02 5.859807e+00 9.256510e-02 6.966429e-02
5.890486e+00 9.622458e-02 1.436068e-02 5.890486e+00 7.786319e-02 2.347575e-02
5.921166e+00 8.767971e-02 -3.666589e-02 5.921166e+00 6.373665e-02 -1.541057e-02
5.951845e+00 7.949054e-02 -6.764014e-02 5.951845e+00 5.068154e-02 -3.643831e-02
5.982525e+00 7.187036e-02 -7.181099e-02 5.982525e+00 3.909138e-02 -3.831834e-02
6.013205e+00 6.505243e-02 -5.200886e-02 6.013205e+00 2.923019e-02 -2.708816e-02
6.043884e+00 5.928697e-02 -1.811897e-02 6.043884e+00 2.121296e-02 -1.167340e-02
6.074564e+00 5.482763e-02 1.714393e-02 6.074564e+00 1.499234e-02 5.717564e-04
6.105244e+00 5.190021e-02 4.242299e-02 6.105244e+00 1.035655e-02 6.399415e-03
6.135923e+00 5.065415e-02 5.063306e-02 6.135923e+00 6.963142e-03 6.647849e-03
6.166603e+00 5.111764e-02 4.017195e-02 6.166603e+00 4.454418e-03 4.364306e-03
6.197282e+00 5.318870e-02 1.466752e-02 6.197282e+00 2.719228e-03 2.473087e-03
6.227962e+00 5.667110e-02 -1.823600e-02 6.227962e+00 2.316690e-03 2.259211e-03
6.258642e+00 6.132696e-02 -4.866108e-02 6.258642e+00 3.296087e-03 3.209222e-03
6.289321e+00 6.691332e-02 -6.669387e-02 6.289321e+00 4.569051e-03 3.916783e-03
6.320001e+00 7.319459e-02 -6.490460e-02 6.320001e+00 5.618867e-03 3.269625e-03
6.350680e+00 7.994064e-02 -4.085947e-02 6.350680e+00 6.254324e-03 1.169167e-03
6.381360e+00 8.692213e-02 1.119232e-03 6.381360e+00 6.401065e-03 -1.533115e-03
6.412040e+00 9.390917e-02 4.992862e-02 6.412040e+00 6.064550e-03 -3.682554e-03
6.442719e+00 1.006742e-01 9.011207e-02 6.442719e+00 5.322348e-03 -4.552240e-03
6.473399e+00 1.069983e-01 1.065871e-01 6.473399e+00 4.325527e-03 -4.202584e-03
6.504079e+00 1.126780e-01 9.035307e-02 6.504079e+00 3.319550e-03 -3.313648e-03
6.534758e+00 1.175329e-01 4.296802e-02 6.534758e+00 2.680870e-03 -2.674196e-03
6.565438e+00 1.214110e-01 -2.242663e-02 6.565438e+00 2.720949e-03 -2.688056e-03
6.596117e+00 1.241932e-01 -8.465000e-02 6.596117e+00 3.206999e-03 -3.194155e-03
6.626797e+00 1.257968e-01 -1.218095e-01 6.626797e+00 3.693121e-03 -3.664907e-03
6.657477e+00 1.261768e-01 -1.197619e-01 6.657477e+00 3.932222e-03 -3.608952e-03
6.688156e+00 1.253282e-01 -7.817658e-02 6.688156e+00 3.839152e-03 -2.901745e-03
6.718836e+00 1.232858e-01 -1.136226e-02 6.718836e+00 3.427537e-03 -1.845077e-03
6.749515e+00 1.201237e-01 5.687310e-02 6.749515e+00 2.792891e-03 -9.462842e-04
6.780195e+00 1.159520e-01 1.024193e-01 6.780195e+00 2.138929e-03 -5.823429e-04
6.810875e+00 1.109110e-01 1.102934e-01 6.810875e+00 1.834450e-03 -7.693917e-04
6.841554e+00 1.051610e-01 8.025278e-02 6.841554e+00 2.133775e-03 -1.173039e-03
6.872234e+00 9.886949e-02 2.620572e-02 6.872234e+00 2.740935e-03 -1.334633e-03
6.902914e+00 9.219563e-02 -3.017536e-02 6.902914e+00 3.308219e-03 -9.579792e-04
6.933593e+00 8.527638e-02 -6.863528e-02 6.933593e+00 3.669047e-03 -7.680377e-05
6.964273e+00 7.821655e-02 -7.816834e-02 6.964273e+00 3.764393e-03 9.891498e-04
6.994952e+00 7.108715e-02 -6.019858e-02 6.994952e+00 3.604359e-03 1.845050e-03
7.025632e+00 6.393391e-02 -2.616309e-02 7.025632e+00 3.258598e-03 2.256862e-03
7.056312e+00 5.679564e-02 8.789853e-03 7.056312e+00 2.856430e-03 2.267427e-03
7.086991e+00 4.972966e-02 3.264631e-02 7.086991e+00 2.575782e-03 2.133976e-03
7.117671e+00 4.284035e-02 4.071334e-02 7.117671e+00 2.562053e-03 2.142720e-03
7.148350e+00 3.630741e-02 3.564863e-02 7.148350e+00 2.793148e-03 2.426167e-03
7.179030e+00 3.041048e-02 2.409901e-02 7.179030e+00 3.109761e-03 2.895046e-03
7.209710e+00 2.553682e-02 1.231127e-02 7.209710e+00 3.362838e-03 3.314947e-03
7.240389e+00 2.212078e-02 3.229071e-03 7.240389e+00 3.471891e-03 3.464815e-03
7.271069e+00 2.042691e-02 -3.642521e-03 7.271069e+00 3.420451e-03 3.269561e-03
7.301749e+00 2.026465e-02 -1.011783e-02 7.301749e+00 3.243022e-03 2.826355e-03
7.332428e+00 2.102635e-02 -1.675368e-02 7.332428e+00 3.011181e-03 2.320177e-03
7.363108e+00 2.206190e-02 -2.168516e-02 7.363108e+00 2.810725e-03 1.896105e-03
7.393787e+00 2.293769e-02 -2.165549e-02 7.393787e+00 2.702201e-03 1.577357e-03
7.424467e+00 2.346469e-02 -1.450184e-02 7.424467e+00 2.682408e-03 1.279175e-03
7.455147e+00 2.363756e-02 -1.361909e-03 7.455147e+00 2.689123e-03 8.992750e-04
7.485826e+00 2.356425e-02 1.300566e-02 7.485826e+00 2.647303e-03 4.140500e-04
7.516506e+00 2.339832e-02 2.223549e-02 7.516506e+00 2.510183e-03 -9.035950e-05
7.547185e+00 2.327457e-02 2.168087e-02 7.547185e+00 2.277665e-03 -4.740124e-04
7.577865e+00 2.325814e-02 1.114292e-02 7.577865e+00 2.003225e-03 -6.454092e-04
7.608545e+00 2.332406e-02 -4.656297e-03 7.608545e+00 1.792642e-03 -6.362492e-04
7.639224e+00 2.337374e-02 -1.826880e-02 7.639224e+00 1.760124e-03 -5.934662e-04
7.669904e+00 2.327457e-02 -2.327177e-02 7.669904e+00 1.920123e-03 -6.900188e-04
7.700584e+00 2.290037e-02 -1.755000e-02 7.700584e+00 2.166157e-03 -1.011905e-03
7.731263e+00 2.215776e-02 -4.315646e-03 7.731263e+00 2.375501e-03 -1.496304e-03
7.761943e+00 2.099672e-02 9.684525e-03 7.761943e+00 2.468533e-03 -1.963112e-03
7.792622e+00 1.940989e-02 1.777402e-02 7.792622e+00 2.412005e-03 -2.221411e-03
7.823302e+00 1.742743e-02 1.678408e-02 7.823302e+00 2.213176e-03 -2.183796e-03
7.853982e+00 1.511384e-02 8.475774e-03 7.853982e+00 1.917541e-03 -1.916807e-03
7.884661e+00 1.257512e-02 -1.751019e-03 7.884661e+00 1.611017e-03 -1.597187e-03
7.915341e+00 9.993058e-03 -8.053270e-03 7.915341e+00 1.414487e-03 -1.403712e-03
7.946020e+00 7.729519e-03 -7.417321e-03 7.946020e+00 1.417623e-03 -1.413685e-03
7.976700e+00 6.515124e-03 -1.199136e-03 7.976700e+00 1.575719e-03 -1.567268e-03
8.007380e+00 7.115931e-03 5.862281e-03 8.007380e+00 1.764917e-03 -1.717193e-03
8.038059e+00 9.197019e-03 8.532064e-03 8.038059e+00 1.893872e-03 -1.726816e-03
8.068739e+00 1.191488e-02 4.207814e-03 8.068739e+00 1.925485e-03 -1.551564e-03
8.099419e+00 1.476407e-02 -5.463492e-03 8.099419e+00 1.865944e-03 -1.254047e-03
8.130098e+00 1.748954e-02 -1.536629e-02 8.130098e+00 1.754816e-03 -9.493582e-04
8.160778e+00 1.994635e-02 -1.965765e-02 8.160778e+00 1.652905e-03 -7.225557e-04
8.191457e+00 2.204596e-02 -1.497866e-02 8.191457e+00 1.616386e-03 -5.753226e-04
8.222137e+00 2.373752e-02 -2.415919e-03 8.222137e+00 1.660063e-03 -4.352545e-04
8.252817e+00 2.499966e-02 1.282433e-02 8.252817e+00 1.747401e-03 -2.168428e-04
8.283496e+00 2.583503e-02 2.386341e-02 8.283496e+00 1.822165e-03 1.111983e-04
8.314176e+00 2.626516e-02 2.547377e-02 8.314176e+00 1.841561e-03 4.995093e-04
8.344855e+00 2.632575e-02 1.662169e-02 8.344855e+00 1.789221e-03 8.494297e-04
8.375535e+00 2.606297e-02 1.000896e-03 8.375535e+00 1.676287e-03 1.078357e-03
8.406215e+00 2.553156e-02 -1.466059e-02 8.406215e+00 1.537938e-03 1.172602e-03
8.436894e+00 2.479511e-02 -2.367107e-02 8.436894e+00 1.423889e-03 1.191259e-03
8.467574e+00 2.392801e-02 -2.236596e-02 8.467574e+00 1.375782e-03 1.219528e-03
8.498254e+00 2.301776e-02 -1.166396e-02 8.498254e+00 1.397573e-03 1.305075e-03
8.528933e+00 2.216504e-02 3.451966e-03 8.528933e+00 1.451935e-03 1.422257e-03
8.559613e+00 2.147818e-02 1.621602e-02 8.559613e+00 1.489203e-03 1.489128e-03
8.590292e+00 2.105915e-02 2.105866e-02 8.590292e+00 1.473183e-03 1.425318e-03
8.620972e+00 2.098199e-02 1.597663e-02 8.620972e+00 1.389496e-03 1.210721e-03
8.651652e+00 2.127150e-02 3.314041e-03 8.651652e+00 1.245247e-03 9.044680e-04
8.682331e+00 2.189416e-02 -1.131410e-02 8.682331e+00 1.067222e-03 6.109758e-04
8.713011e+00 2.276741e-02 -2.144713e-02 8.713011e+00 9.001176e-04 4.158278e-04
8.743690e+00 2.378153e-02 -2.251517e-02 8.743690e+00 7.975455e-04 3.344893e-04
8.774370e+00 2.482293e-02 -1.375783e-02 8.774370e+00 7.878618e-04 3.077445e-04
8.805050e+00 2.579148e-02 1.445317e-03 8.805050e+00 8.412315e-04 2.459910e-04
8.835729e+00 2.661035e-02 1.695221e-02 8.835729e+00 9.006190e-04 9.185151e-05
8.866409e+00 2.723026e-02 2.637523e-02 8.866409e+00 9.247081e-04 -1.409963e-04
8.897089e+00 2.763001e-02 2.571181e-02 8.897089e+00 8.960195e-04 -3.779731e-04
8.927768e+00 2.781466e-02 1.501383e-02 8.927768e+00 8.160500e-04 -5.345283e-04
8.958448e+00 2.781181e-02 -1.594431e-03 8.958448e+00 7.016304e-04 -5.725336e-04
8.989127e+00 2.766626e-02 -1.756800e-02 8.989127e+00 5.845657e-04 -5.240804e-04
9.019807e+00 2.743308e-02 -2.659109e-02 9.019807e+00 5.104137e-04 -4.675030e-04
9.050487e+00 2.716961e-02 -2.513389e-02 9.050487e+00 5.148866e-04 -4.729520e-04
9.081166e+00 2.692682e-02 -1.386014e-02 9.081166e+00 5.825044e-04 -5.548761e-04
9.111846e+00 2.674162e-02 2.687466e-03 9.111846e+00 6.663541e-04 -6.631724e-04
9.142525e+00 2.663137e-02 1.796987e-02 9.142525e+00 7.305882e-04 -7.179639e-04
9.173205e+00 2.659189e-02 2.609345e-02 9.173205e+00 7.572368e-04 -6.635402e-04
9.203885e+00 2.659947e-02 2.410637e-02 9.203885e+00 7.414825e-04 -5.048321e-04
9.234564e+00 2.661583e-02 1.303015e-02 9.234564e+00 6.890824e-04 -3.026034e-04
9.265244e+00 2.659492e-02 -2.724667e-03 9.265244e+00 6.164357e-04 -1.320090e-04
9.295924e+00 2.648961e-02 -1.722459e-02 9.295924e+00 5.515411e-04 -3.365357e-05
9.326603e+00 2.625744e-02 -2.533141e-02 9.326603e+00 5.283247e-04 9.634782e-06
9.357283e+00 2.586476e-02 -2.453438e-02 9.357283e+00 5.629181e-04 5.560077e-05
9.387962e+00 2.528921e-02 -1.564547e-02 9.387962e+00 6.360951e-04 1.581349e-04
9.418642e+00 2.452086e-02 -2.221132e-03 9.418642e+00 7.133440e-04 3.269722e-04
9.449322e+00 2.356214e-02 1.092879e-02 9.449322e+00 7.671512e-04 5.191669e-04
9.480001e+00 2.242722e-02 1.950326e-02 9.480001e+00 7.824162e-04 6.675278e-04
9.510681e+00 2.114110e-02 2.110578e-02 9.510681e+00 7.565968e-04 7.257367e-04
9.541361e+00 1.973897e-02 1.586187e-02 9.541361e+00 7.005599e-04 6.988370e-04
9.572040e+00 1.826622e-02 6.160162e-03 9.572040e+00 6.400467e-04 6.383841e-04
9.602720e+00 1.677905e-02 -4.306147e-03 9.602720e+00 6.118737e-04 6.060965e-04
9.633399e+00 1.534506e-02 -1.184821e-02 9.633399e+00 6.422130e-04 6.313086e-04
9.664079e+00 1.404238e-02 -1.402966e-02 9.664079e+00 7.208540e-04 6.913255e-04
9.694759e+00 1.295384e-02 -1.047312e-02 9.694759e+00 8.126618e-04 7.276633e-04
9.725438e+00 1.215292e-02 -2.958989e-03 9.725438e+00 8.848906e-04 6.865009e-04
9.756118e+00 1.168141e-02 5.251444e-03 9.756118e+00 9.182445e-04 5.554067e-04
9.786797e+00 1.152923e-02 1.067700e-02 9.786797e+00 9.084787e-04 3.714669e-04
9.817477e+00 1.163251e-02 1.102210e-02 9.817477e+00 8.667506e-04 1.958616e-04
9.848157e+00 1.189415e-02 6.164344e-03 9.848157e+00 8.190495e-04 7.284705e-05
9.878836e+00 1.221246e-02 -1.736718e-03 9.878836e+00 7.994481e-04 1.364406e-06
9.909516e+00 1.250177e-02 -9.133414e-03 9.909516e+00 8.305957e-04 -6.163147e-05
9.940196e+00 1.270042e-02 -1.265684e-02 9.940196e+00 9.048363e-04 -1.689594e-04
9.970875e+00 1.276986e-02 -1.067001e-02 9.970875e+00 9.918670e-04 -3.445437e-04
