# k_data chi_data_k2 k_model chi_model_k2
0.000000e+00 -0.000000e+00 0.000000e+00 0.000000e+00
5.000000e-02 -8.203422e-05 5.000000e-02 7.970912e-05
1.000000e-01 -4.651036e-04 1.000000e-01 3.134494e-04
1.500000e-01 -1.345261e-03 1.500000e-01 6.853717e-04
2.000000e-01 -2.899098e-03 2.000000e-01 1.170095e-03
2.500000e-01 -5.275077e-03 2.500000e-01 1.734235e-03
3.000000e-01 -8.584871e-03 3.000000e-01 2.338512e-03
3.500000e-01 -1.289469e-02 3.500000e-01 2.940396e-03
4.000000e-01 -1.821663e-02 4.000000e-01 3.497295e-03
4.500000e-01 -2.449998e-02 4.500000e-01 3.970268e-03
5.000000e-01 -3.162259e-02 5.000000e-01 4.328317e-03
5.500000e-01 -3.938218e-02 5.500000e-01 4.553349e-03
6.000000e-01 -4.748770e-02 6.000000e-01 4.645884e-03
6.500000e-01 -5.555063e-02 6.500000e-01 4.631599e-03
7.000000e-01 -6.307633e-02 7.000000e-01 4.568591e-03
7.500000e-01 -6.949804e-02 7.500000e-01 4.554954e-03
8.000000e-01 -7.448060e-02 8.000000e-01 4.735666e-03
8.500000e-01 -7.791163e-02 8.500000e-01 5.307039e-03
9.000000e-01 -7.984239e-02 9.000000e-01 6.516028e-03
9.500000e-01 -8.051929e-02 9.500000e-01 8.650868e-03
1.000000e+00 -8.041587e-02 1.000000e+00 1.201908e-02
1.050000e+00 -7.990426e-02 1.050000e+00 1.690940e-02
1.100000e+00 -7.762538e-02 1.100000e+00 2.353579e-02
1.150000e+00 -7.118458e-02 1.150000e+00 3.196541e-02
1.200000e+00 -5.932738e-02 1.200000e+00 4.203646e-02
1.250000e+00 -4.227877e-02 1.250000e+00 5.327790e-02
1.300000e+00 -2.084632e-02 1.300000e+00 6.484692e-02
1.350000e+00 3.463195e-03 1.350000e+00 7.550285e-02
1.400000e+00 2.855683e-02 1.400000e+00 8.363565e-02
1.450000e+00 5.198435e-02 1.450000e+00 8.736431e-02
1.500000e+00 7.444939e-02 1.500000e+00 8.472153e-02
1.550000e+00 9.880040e-02 1.550000e+00 7.397287e-02
1.600000e+00 1.232837e-01 1.600000e+00 9.627900e-02
1.650000e+00 1.448285e-01 1.650000e+00 1.162252e-01
1.700000e+00 1.616460e-01 1.700000e+00 1.308938e-01
1.750000e+00 1.729287e-01 1.750000e+00 1.407055e-01
1.800000e+00 1.784626e-01 1.800000e+00 1.460813e-01
1.850000e+00 1.784529e-01 1.850000e+00 1.483396e-01
1.900000e+00 1.750132e-01 1.900000e+00 1.491446e-01
1.950000e+00 1.675661e-01 1.950000e+00 1.482466e-01
2.000000e+00 1.540592e-01 2.000000e+00 1.453764e-01
2.050000e+00 1.399886e-01 2.050000e+00 1.398246e-01
2.100000e+00 1.319974e-01 2.100000e+00 1.296874e-01
2.150000e+00 1.209681e-01 2.150000e+00 1.157068e-01
2.200000e+00 1.047145e-01 2.200000e+00 9.939573e-02
2.250000e+00 9.358083e-02 2.250000e+00 8.649980e-02
2.300000e+00 7.877263e-02 2.300000e+00 8.135820e-02
2.350000e+00 5.559740e-02 2.350000e+00 9.079909e-02
2.400000e+00 3.917544e-02 2.400000e+00 1.167320e-01
2.450000e+00 1.546767e-02 2.450000e+00 1.557351e-01
2.500000e+00 -1.084809e-02 2.500000e+00 1.993191e-01
2.550000e+00 -2.762783e-02 2.550000e+00 2.338786e-01
2.600000e+00 -5.127064e-02 2.600000e+00 2.432814e-01
2.650000e+00 -8.275451e-02 2.650000e+00 2.163985e-01
2.700000e+00 -1.122119e-01 2.700000e+00 1.556410e-01
2.750000e+00 -1.419438e-01 2.750000e+00 7.292647e-02
2.800000e+00 -1.741743e-01 2.800000e+00 -1.807497e-02
2.850000e+00 -2.073220e-01 2.850000e+00 -1.058799e-01
2.900000e+00 -2.507217e-01 2.900000e+00 -1.897004e-01
2.950000e+00 -2.809512e-01 2.950000e+00 -2.728814e-01
3.000000e+00 -3.133088e-01 3.000000e+00 -3.535659e-01
3.050000e+00 -3.482159e-01 3.050000e+00 -4.246246e-01
3.100000e+00 -3.723370e-01 3.100000e+00 -4.796997e-01
3.150000e+00 -3.883979e-01 3.150000e+00 -5.170785e-01
3.200000e+00 -3.984334e-01 3.200000e+00 -5.359063e-01
3.250000e+00 -3.902564e-01 3.250000e+00 -5.350177e-01
3.300000e+00 -3.702595e-01 3.300000e+00 -5.114136e-01
3.350000e+00 -3.354971e-01 3.350000e+00 -4.625334e-01
3.400000e+00 -2.757181e-01 3.400000e+00 -3.879375e-01
3.450000e+00 -1.998126e-01 3.450000e+00 -2.903229e-01
3.500000e+00 -1.189389e-01 3.500000e+00 -1.750565e-01
3.550000e+00 -1.922363e-02 3.550000e+00 -4.899355e-02
3.600000e+00 7.616642e-02 3.600000e+00 8.038840e-02
3.650000e+00 1.740134e-01 3.650000e+00 2.055715e-01
3.700000e+00 2.728818e-01 3.700000e+00 3.196990e-01
3.750000e+00 3.532546e-01 3.750000e+00 4.173924e-01
3.800000e+00 4.400022e-01 3.800000e+00 4.954335e-01
3.850000e+00 5.143604e-01 3.850000e+00 5.530677e-01
3.900000e+00 5.608217e-01 3.900000e+00 5.913257e-01
3.950000e+00 5.996504e-01 3.950000e+00 6.123129e-01
4.000000e+00 6.225467e-01 4.000000e+00 6.184086e-01
4.050000e+00 6.232766e-01 4.050000e+00 6.115994e-01
4.100000e+00 6.095618e-01 4.100000e+00 5.929855e-01
4.150000e+00 5.980745e-01 4.150000e+00 5.624172e-01
4.200000e+00 5.682684e-01 4.200000e+00 5.182215e-01
4.250000e+00 5.114035e-01 4.250000e+00 4.577091e-01
4.300000e+00 4.577651e-01 4.300000e+00 3.783039e-01
4.350000e+00 3.581982e-01 4.350000e+00 2.787888e-01
4.400000e+00 2.356802e-01 4.400000e+00 1.598676e-01
4.450000e+00 1.018098e-01 4.450000e+00 2.379240e-02
4.500000e+00 -6.125013e-02 4.500000e+00 -1.252113e-01
4.550000e+00 -2.366545e-01 4.550000e+00 -2.804195e-01
4.600000e+00 -4.177786e-01 4.600000e+00 -4.331554e-01
4.650000e+00 -5.684418e-01 4.650000e+00 -5.744342e-01
4.700000e+00 -7.197003e-01 4.700000e+00 -6.960677e-01
4.750000e+00 -8.110725e-01 4.750000e+00 -7.907363e-01
4.800000e+00 -8.694420e-01 4.800000e+00 -8.519032e-01
4.850000e+00 -8.981239e-01 4.850000e+00 -8.741476e-01
4.900000e+00 -8.694546e-01 4.900000e+00 -8.539815e-01
4.950000e+00 -8.087406e-01 4.950000e+00 -7.906371e-01
5.000000e+00 -7.076489e-01 5.000000e+00 -6.866274e-01
5.050000e+00 -5.895182e-01 5.050000e+00 -5.478641e-01
5.100000e+00 -4.458087e-01 5.100000e+00 -3.832601e-01
5.150000e+00 -2.676730e-01 5.150000e+00 -2.040839e-01
5.200000e+00 -8.003369e-02 5.200000e+00 -2.266399e-02
5.250000e+00 9.384917e-02 5.250000e+00 1.491412e-01
5.300000e+00 2.484004e-01 5.300000e+00 3.014777e-01
5.350000e+00 3.691451e-01 5.350000e+00 4.275768e-01
5.400000e+00 4.898297e-01 5.400000e+00 5.242282e-01
5.450000e+00 5.546571e-01 5.450000e+00 5.916375e-01
5.500000e+00 6.108664e-01 5.500000e+00 6.326631e-01
5.550000e+00 6.422725e-01 5.550000e+00 6.516250e-01
5.600000e+00 6.584334e-01 5.600000e+00 6.529339e-01
5.650000e+00 6.597963e-01 5.650000e+00 6.399432e-01
5.700000e+00 6.230000e-01 5.700000e+00 6.143909e-01
5.750000e+00 5.720156e-01 5.750000e+00 5.763994e-01
5.800000e+00 5.244726e-01 5.800000e+00 5.249115e-01
5.850000e+00 4.651320e-01 5.850000e+00 4.584333e-01
5.900000e+00 3.739319e-01 5.900000e+00 3.757206e-01
5.950000e+00 2.667088e-01 5.950000e+00 2.766094e-01
6.000000e+00 1.518969e-01 6.000000e+00 1.624319e-01
6.050000e+00 1.038825e-02 6.050000e+00 3.584099e-02
6.100000e+00 -1.291321e-01 6.100000e+00 -9.968641e-02
6.150000e+00 -2.620532e-01 6.150000e+00 -2.402524e-01
6.200000e+00 -3.933319e-01 6.200000e+00 -3.815842e-01
6.250000e+00 -5.171703e-01 6.250000e+00 -5.186877e-01
6.300000e+00 -6.496262e-01 6.300000e+00 -6.451928e-01
6.350000e+00 -7.328415e-01 6.350000e+00 -7.527367e-01
6.400000e+00 -7.987136e-01 6.400000e+00 -8.309101e-01
6.450000e+00 -8.226571e-01 6.450000e+00 -8.681118e-01
6.500000e+00 -8.183875e-01 6.500000e+00 -8.534441e-01
6.550000e+00 -7.757356e-01 6.550000e+00 -7.794171e-01
6.600000e+00 -6.232886e-01 6.600000e+00 -6.448446e-01
6.650000e+00 -4.605977e-01 6.650000e+00 -4.570626e-01
6.700000e+00 -2.215814e-01 6.700000e+00 -2.325889e-01
6.750000e+00 4.096100e-02 6.750000e+00 4.361093e-03
6.800000e+00 2.644297e-01 6.800000e+00 2.254849e-01
6.850000e+00 4.360891e-01 6.850000e+00 4.035810e-01
6.900000e+00 5.564790e-01 6.900000e+00 5.182914e-01
6.950000e+00 5.747576e-01 6.950000e+00 5.609476e-01
7.000000e+00 5.430708e-01 7.000000e+00 5.371280e-01
7.050000e+00 4.623751e-01 7.050000e+00 4.659930e-01
7.100000e+00 3.615287e-01 7.100000e+00 3.762402e-01
7.150000e+00 3.269744e-01 7.150000e+00 2.994272e-01
7.200000e+00 3.184964e-01 7.200000e+00 2.621842e-01
7.250000e+00 3.575364e-01 7.250000e+00 2.792474e-01
7.300000e+00 4.379710e-01 7.300000e+00 3.492145e-01
7.350000e+00 5.418643e-01 7.350000e+00 4.542253e-01
7.400000e+00 6.307714e-01 7.400000e+00 5.637214e-01
7.450000e+00 6.799121e-01 7.450000e+00 6.414472e-01
7.500000e+00 6.494635e-01 7.500000e+00 6.540079e-01
7.550000e+00 5.563153e-01 7.550000e+00 5.789009e-01
7.600000e+00 3.487783e-01 7.600000e+00 4.100811e-01
7.650000e+00 1.034144e-01 7.650000e+00 1.597792e-01
7.700000e+00 -1.643788e-01 7.700000e+00 -1.437428e-01
7.750000e+00 -4.462489e-01 7.750000e+00 -4.617825e-01
7.800000e+00 -7.449937e-01 7.800000e+00 -7.527083e-01
7.850000e+00 -9.458208e-01 7.850000e+00 -9.795098e-01
7.900000e+00 -1.103343e+00 7.900000e+00 -1.115686e+00
7.950000e+00 -1.189160e+00 7.950000e+00 -1.148400e+00
8.000000e+00 -1.185933e+00 8.000000e+00 -1.078646e+00
8.050000e+00 -1.036809e+00 8.050000e+00 -9.189933e-01
8.100000e+00 -7.777857e-01 8.100000e+00 -6.899677e-01
8.150000e+00 -4.436809e-01 8.150000e+00 -4.162928e-01
8.200000e+00 -9.078800e-02 8.200000e+00 -1.239044e-01
8.250000e+00 2.514452e-01 8.250000e+00 1.618753e-01
8.300000e+00 5.396452e-01 8.300000e+00 4.171962e-01
8.350000e+00 6.923801e-01 8.350000e+00 6.202654e-01
8.400000e+00 7.459579e-01 8.400000e+00 7.524151e-01
8.450000e+00 7.101107e-01 8.450000e+00 8.001237e-01
8.500000e+00 6.399539e-01 8.500000e+00 7.578946e-01
8.550000e+00 4.911664e-01 8.550000e+00 6.312611e-01
8.600000e+00 3.143013e-01 8.600000e+00 4.387328e-01
8.650000e+00 1.770410e-01 8.650000e+00 2.114417e-01
8.700000e+00 2.650797e-02 8.700000e+00 -1.032790e-02
8.750000e+00 -1.027464e-01 8.750000e+00 -1.837098e-01
8.800000e+00 -2.141372e-01 8.800000e+00 -2.719093e-01
8.850000e+00 -2.490330e-01 8.850000e+00 -2.530659e-01
8.900000e+00 -1.898053e-01 8.900000e+00 -1.269877e-01
8.950000e+00 -5.645569e-02 8.950000e+00 8.234420e-02
9.000000e+00 1.504528e-01 9.000000e+00 3.297204e-01
9.050000e+00 4.419656e-01 9.050000e+00 5.569855e-01
9.100000e+00 6.709254e-01 9.100000e+00 7.051174e-01
9.150000e+00 8.099983e-01 9.150000e+00 7.274451e-01
9.200000e+00 7.648165e-01 9.200000e+00 6.008747e-01
9.250000e+00 5.011328e-01 9.250000e+00 3.322911e-01
9.300000e+00 4.224524e-02 9.300000e+00 -4.160380e-02
9.350000e+00 -4.932710e-01 9.350000e+00 -4.611149e-01
9.400000e+00 -1.001636e+00 9.400000e+00 -8.555384e-01
9.450000e+00 -1.298829e+00 9.450000e+00 -1.157539e+00
9.500000e+00 -1.428324e+00 9.500000e+00 -1.316586e+00
9.550000e+00 -1.320520e+00 9.550000e+00 -1.308402e+00
9.600000e+00 -1.040948e+00 9.600000e+00 -1.138407e+00
9.650000e+00 -6.556229e-01 9.650000e+00 -8.387034e-01
9.700000e+00 -3.071531e-01 9.700000e+00 -4.597219e-01
9.750000e+00 6.963261e-02 9.750000e+00 -5.893108e-02
9.800000e+00 3.734289e-01 9.800000e+00 3.105056e-01
9.850000e+00 6.433854e-01 9.850000e+00 6.084920e-01
9.900000e+00 7.659491e-01 9.900000e+00 8.124380e-01
9.950000e+00 8.207305e-01 9.950000e+00 9.170008e-01
1.000000e+01 8.570509e-01 1.000000e+01 9.300944e-01
1.005000e+01 8.192803e-01 1.005000e+01 8.670657e-01
1.010000e+01 7.952223e-01 1.010000e+01 7.451973e-01
1.015000e+01 7.087915e-01 1.015000e+01 5.802535e-01
1.020000e+01 5.858197e-01 1.020000e+01 3.858052e-01
1.025000e+01 3.586703e-01 1.025000e+01 1.748972e-01
1.030000e+01 1.036423e-02 1.030000e+01 -3.731488e-02
1.035000e+01 -3.193645e-01 1.035000e+01 -2.317189e-01
1.040000e+01 -5.614737e-01 1.040000e+01 -3.856601e-01
1.045000e+01 -6.227640e-01 1.045000e+01 -4.762098e-01
1.050000e+01 -5.425347e-01 1.050000e+01 -4.857178e-01
1.055000e+01 -3.537731e-01 1.055000e+01 -4.080325e-01
1.060000e+01 -1.203645e-01 1.060000e+01 -2.532290e-01
1.065000e+01 8.175616e-02 1.065000e+01 -4.885262e-02
1.070000e+01 2.205225e-01 1.070000e+01 1.634302e-01
1.075000e+01 2.663704e-01 1.075000e+01 3.355614e-01
1.080000e+01 2.983010e-01 1.080000e+01 4.236122e-01
1.085000e+01 2.734748e-01 1.085000e+01 3.985303e-01
1.090000e+01 2.176848e-01 1.090000e+01 2.542667e-01
1.095000e+01 5.160925e-02 1.095000e+01 1.096455e-02
1.100000e+01 -1.960807e-01 1.100000e+01 -2.879101e-01
1.105000e+01 -4.731748e-01 1.105000e+01 -5.840777e-01
1.110000e+01 -7.637539e-01 1.110000e+01 -8.167118e-01
1.115000e+01 -8.590559e-01 1.115000e+01 -9.355796e-01
1.120000e+01 -8.151973e-01 1.120000e+01 -9.119249e-01
1.125000e+01 -6.676117e-01 1.125000e+01 -7.444899e-01
1.130000e+01 -4.524834e-01 1.130000e+01 -4.592613e-01
1.135000e+01 -2.423824e-01 1.135000e+01 -1.031739e-01
1.140000e+01 6.150002e-03 1.140000e+01 2.664586e-01
1.145000e+01 3.129485e-01 1.145000e+01 5.940089e-01
1.150000e+01 6.395697e-01 1.150000e+01 8.360966e-01
1.155000e+01 9.164613e-01 1.155000e+01 9.682498e-01
1.160000e+01 1.076263e+00 1.160000e+01 9.864989e-01
1.165000e+01 1.000835e+00 1.165000e+01 9.041996e-01
1.170000e+01 7.810227e-01 1.170000e+01 7.456503e-01
1.175000e+01 5.169235e-01 1.175000e+01 5.387709e-01
1.180000e+01 2.591376e-01 1.180000e+01 3.090710e-01
1.185000e+01 2.368985e-02 1.185000e+01 7.641924e-02
1.190000e+01 -1.804674e-01 1.190000e+01 -1.450169e-01
1.195000e+01 -3.876951e-01 1.195000e+01 -3.444489e-01
1.200000e+01 -4.688802e-01 1.200000e+01 -5.113593e-01
1.205000e+01 -5.074801e-01 1.205000e+01 -6.333937e-01
1.210000e+01 -5.913623e-01 1.210000e+01 -6.965656e-01
1.215000e+01 -6.488492e-01 1.215000e+01 -6.881182e-01
1.220000e+01 -7.417893e-01 1.220000e+01 -6.012523e-01
1.225000e+01 -6.627317e-01 1.225000e+01 -4.400507e-01
1.230000e+01 -4.529453e-01 1.230000e+01 -2.226477e-01
1.235000e+01 -7.379627e-02 1.235000e+01 1.902657e-02
1.240000e+01 3.661149e-01 1.240000e+01 2.436504e-01
1.245000e+01 6.033076e-01 1.245000e+01 4.084969e-01
1.250000e+01 7.078284e-01 1.250000e+01 4.792171e-01
1.255000e+01 6.081589e-01 1.255000e+01 4.388661e-01
1.260000e+01 3.520987e-01 1.260000e+01 2.935730e-01
1.265000e+01 6.626828e-02 1.265000e+01 7.298399e-02
1.270000e+01 -2.360845e-01 1.270000e+01 -1.750682e-01
1.275000e+01 -3.794761e-01 1.275000e+01 -3.946602e-01
1.280000e+01 -4.133045e-01 1.280000e+01 -5.342929e-01
1.285000e+01 -3.886827e-01 1.285000e+01 -5.587479e-01
1.290000e+01 -2.868969e-01 1.290000e+01 -4.573043e-01
1.295000e+01 -1.656904e-01 1.295000e+01 -2.462460e-01
1.300000e+01 5.247357e-02 1.300000e+01 3.493504e-02
1.305000e+01 2.418842e-01 1.305000e+01 3.326068e-01
1.310000e+01 4.267302e-01 1.310000e+01 5.909779e-01
1.315000e+01 5.185179e-01 1.315000e+01 7.639419e-01
1.320000e+01 5.692134e-01 1.320000e+01 8.239557e-01
1.325000e+01 7.215359e-01 1.325000e+01 7.661931e-01
1.330000e+01 7.516545e-01 1.330000e+01 6.072154e-01
1.335000e+01 6.577372e-01 1.335000e+01 3.790218e-01
1.340000e+01 3.689842e-01 1.340000e+01 1.204911e-01
1.345000e+01 -8.630798e-02 1.345000e+01 -1.312954e-01
1.350000e+01 -4.781937e-01 1.350000e+01 -3.476209e-01
1.355000e+01 -7.164984e-01 1.355000e+01 -5.112341e-01
1.360000e+01 -7.793344e-01 1.360000e+01 -6.158205e-01
1.365000e+01 -7.674333e-01 1.365000e+01 -6.627991e-01
1.370000e+01 -6.634681e-01 1.370000e+01 -6.571082e-01
1.375000e+01 -5.433487e-01 1.375000e+01 -6.037469e-01
1.380000e+01 -4.598766e-01 1.380000e+01 -5.063390e-01
1.385000e+01 -3.655028e-01 1.385000e+01 -3.680814e-01
1.390000e+01 -2.269395e-01 1.390000e+01 -1.944519e-01
1.395000e+01 3.793454e-02 1.395000e+01 3.688902e-03
1.400000e+01 2.190868e-01 1.400000e+01 2.081953e-01
1.405000e+01 4.017456e-01 1.405000e+01 3.941925e-01
1.410000e+01 4.557048e-01 1.410000e+01 5.335341e-01
1.415000e+01 5.267044e-01 1.415000e+01 6.005790e-01
1.420000e+01 5.714880e-01 1.420000e+01 5.788010e-01
1.425000e+01 4.329828e-01 1.425000e+01 4.665353e-01
1.430000e+01 2.565193e-01 1.430000e+01 2.800046e-01
1.435000e+01 -9.647213e-02 1.435000e+01 5.217827e-02
1.440000e+01 -2.833779e-01 1.440000e+01 -1.728591e-01
1.445000e+01 -3.000550e-01 1.445000e+01 -3.490602e-01
1.450000e+01 -3.151003e-01 1.450000e+01 -4.389624e-01
1.455000e+01 -2.011275e-01 1.455000e+01 -4.228963e-01
1.460000e+01 -1.209937e-01 1.460000e+01 -3.042841e-01
1.465000e+01 1.986514e-02 1.465000e+01 -1.094249e-01
1.470000e+01 1.800194e-01 1.470000e+01 1.183444e-01
1.475000e+01 2.469273e-01 1.475000e+01 3.286565e-01
1.480000e+01 4.459023e-01 1.480000e+01 4.756833e-01
1.485000e+01 4.947439e-01 1.485000e+01 5.282857e-01
1.490000e+01 4.542799e-01 1.490000e+01 4.762494e-01
1.495000e+01 2.073010e-01 1.495000e+01 3.312806e-01
1.500000e+01 1.081428e-01 1.500000e+01 1.228916e-01
1.505000e+01 3.808510e-03 1.505000e+01 -1.093746e-01
1.510000e+01 -2.293771e-01 1.510000e+01 -3.251265e-01
1.515000e+01 -3.045133e-01 1.515000e+01 -4.913469e-01
1.520000e+01 -3.622488e-01 1.520000e+01 -5.876965e-01
1.525000e+01 -4.810593e-01 1.525000e+01 -6.079987e-01
1.530000e+01 -4.800645e-01 1.530000e+01 -5.583194e-01
1.535000e+01 -4.917838e-01 1.535000e+01 -4.528023e-01
1.540000e+01 -3.541545e-01 1.540000e+01 -3.088819e-01
1.545000e+01 -2.761983e-01 1.545000e+01 -1.434107e-01
1.550000e+01 -1.044168e-01 1.550000e+01 2.932529e-02
1.555000e+01 1.106267e-01 1.555000e+01 1.975515e-01
1.560000e+01 1.995604e-01 1.560000e+01 3.505553e-01
1.565000e+01 4.017930e-01 1.565000e+01 4.769910e-01
1.570000e+01 4.411886e-01 1.570000e+01 5.641361e-01
1.575000e+01 3.290304e-01 1.575000e+01 5.988817e-01
1.580000e+01 1.519141e-01 1.580000e+01 5.705142e-01
1.585000e+01 2.545689e-02 1.585000e+01 4.745568e-01
1.590000e+01 2.174420e-02 1.590000e+01 3.163710e-01
1.595000e+01 7.818067e-03 1.595000e+01 1.130674e-01
1.600000e+01 1.859582e-02 1.600000e+01 -1.073756e-01
1.605000e+01 -9.089420e-02 1.605000e+01 -3.101313e-01
1.610000e+01 -1.445826e-01 1.610000e+01 -4.600875e-01
1.615000e+01 -2.521976e-01 1.615000e+01 -5.295502e-01
1.620000e+01 -3.161427e-01 1.620000e+01 -5.051468e-01
1.625000e+01 -2.394063e-01 1.625000e+01 -3.918539e-01
1.630000e+01 -1.712349e-01 1.630000e+01 -2.129259e-01
1.635000e+01 2.482971e-02 1.635000e+01 -5.508809e-03
1.640000e+01 1.602608e-01 1.640000e+01 1.871619e-01
1.645000e+01 2.748360e-01 1.645000e+01 3.251607e-01
1.650000e+01 4.090136e-01 1.650000e+01 3.806022e-01
1.655000e+01 5.147038e-01 1.655000e+01 3.435901e-01
1.660000e+01 4.897128e-01 1.660000e+01 2.239883e-01
1.665000e+01 2.570602e-01 1.665000e+01 4.868454e-02
1.670000e+01 -6.776918e-02 1.670000e+01 -1.448470e-01
1.675000e+01 -2.266858e-01 1.675000e+01 -3.169988e-01
1.680000e+01 -1.555176e-01 1.680000e+01 -4.344015e-01
1.685000e+01 -1.574236e-01 1.685000e+01 -4.762773e-01
1.690000e+01 -2.180828e-01 1.690000e+01 -4.374855e-01
1.695000e+01 -3.093166e-01 1.695000e+01 -3.279057e-01
1.700000e+01 -1.890516e-01 1.700000e+01 -1.687463e-01
1.705000e+01 2.078793e-02 1.705000e+01 1.293836e-02
1.710000e+01 9.836525e-02 1.710000e+01 1.899707e-01
1.715000e+01 2.177832e-01 1.715000e+01 3.396429e-01
