# R  |Chir_mag_Exp|  Chir-Re_Exp  |Chir_mag_FEFF/Larch-model|  Chir-Re_FEFF/larch-model  |Chir_mag_PINNs-prediction|  Chir-Re_PINNs-prediction
0.00000000e+00 8.03270273e-04 8.03270273e-04 1.25329929e-02 1.25329929e-02 2.36965760e-02 -2.36965760e-02
3.06796158e-02 7.79006923e-04 7.30696458e-04 1.26240548e-02 1.25993244e-02 2.42037865e-02 -2.37102496e-02
6.13592315e-02 7.05688051e-04 5.32271959e-04 1.28622643e-02 1.27490757e-02 2.55468705e-02 -2.32199449e-02
9.20388473e-02 5.83217433e-04 2.66567057e-04 1.31676897e-02 1.28686272e-02 2.72997020e-02 -2.09582237e-02
1.22718463e-01 4.15673777e-04 2.48300469e-05 1.34679313e-02 1.28548048e-02 2.89901908e-02 -1.57280348e-02
1.53398079e-01 2.16633767e-04 -9.74620360e-05 1.37370300e-02 1.26705275e-02 3.02295524e-02 -7.25829954e-03
1.84077695e-01 6.56046308e-05 -4.89974701e-05 1.39978430e-02 1.23384664e-02 3.07536887e-02 3.35866693e-03
2.14757310e-01 2.24462262e-04 1.36971223e-04 1.42905636e-02 1.18826784e-02 3.04229274e-02 1.39082817e-02
2.45436926e-01 3.75688268e-04 3.46967276e-04 1.46300691e-02 1.12729582e-02 2.92098687e-02 2.18861503e-02
2.76116542e-01 4.49280895e-04 4.48885941e-04 1.49836251e-02 1.04251504e-02 2.71854622e-02 2.55242086e-02
3.06796158e-01 4.20277480e-04 3.79098803e-04 1.52866037e-02 9.26209601e-03 2.45057746e-02 2.45033306e-02
3.37475773e-01 2.81796220e-04 1.94273288e-04 1.54844947e-02 7.78356150e-03 2.14002589e-02 1.99992148e-02
3.68155389e-01 5.54897515e-05 4.26101153e-05 1.55714643e-02 6.07837303e-03 1.81617458e-02 1.40500078e-02
3.98835005e-01 2.51429573e-04 6.50207027e-05 1.55986592e-02 4.25611442e-03 1.51344957e-02 8.58385465e-03
4.29514621e-01 5.49838600e-04 2.92833906e-04 1.56401022e-02 2.34816674e-03 1.26807018e-02 4.61341237e-03
4.60194236e-01 7.91120490e-04 6.17883909e-04 1.57278990e-02 2.69257560e-04 1.10762821e-02 1.99868551e-03
4.90873852e-01 9.14609761e-04 8.59034875e-04 1.57968892e-02 -2.10040992e-03 1.03297291e-02 -1.42931352e-04
5.21553468e-01 8.73763630e-04 8.72781340e-04 1.56816673e-02 -4.74298966e-03 1.01303689e-02 -2.65891880e-03
5.52233084e-01 6.36541421e-04 6.18509514e-04 1.51692529e-02 -7.35736198e-03 1.00813272e-02 -5.68719871e-03
5.82912699e-01 1.70075488e-04 1.31408511e-04 1.40716365e-02 -9.36757435e-03 9.95564633e-03 -8.47355519e-03
6.13592315e-01 6.30748619e-04 -5.46600192e-04 1.22827858e-02 -1.01269677e-02 9.78024094e-03 -9.76635258e-03
6.44271931e-01 1.92018654e-03 -1.35712148e-03 9.80571813e-03 -9.22702263e-03 9.79611812e-03 -8.53319186e-03
6.74951547e-01 3.99447834e-03 -2.05291843e-03 6.75011744e-03 -6.73312235e-03 1.03101930e-02 -4.56835920e-03
7.05631162e-01 7.20118854e-03 -1.93014685e-03 3.31289537e-03 -3.19743699e-03 1.14691030e-02 1.35199220e-03
7.36310778e-01 1.18851989e-02 2.97825433e-04 7.19929294e-04 5.66724389e-04 1.31667583e-02 7.82288069e-03
7.66990394e-01 1.83208753e-02 6.20726881e-03 4.12175968e-03 3.81195821e-03 1.51790123e-02 1.34271878e-02
7.97670010e-01 2.66525280e-02 1.68558165e-02 7.70838126e-03 6.08467444e-03 1.73270698e-02 1.72441249e-02
8.28349625e-01 3.68451826e-02 3.17153030e-02 1.12544523e-02 7.22913399e-03 1.95428018e-02 1.89915485e-02
8.59029241e-01 4.86505897e-02 4.79215617e-02 1.48453899e-02 7.20785188e-03 2.18520975e-02 1.88079407e-02
8.89708857e-01 6.15949838e-02 6.04604246e-02 1.85747185e-02 5.91308325e-03 2.43121934e-02 1.69078406e-02
9.20388473e-01 7.49941254e-02 6.35567104e-02 2.24540389e-02 3.14417860e-03 2.69398718e-02 1.33852389e-02
9.51068088e-01 8.79984596e-02 5.29037410e-02 2.63782068e-02 -1.21628186e-03 2.96734400e-02 8.27921975e-03
9.81747704e-01 9.96676893e-02 2.77955007e-02 3.01674439e-02 -6.97553463e-03 3.23944345e-02 1.78569127e-03
1.01242732e+00 1.09070434e-01 -7.93202904e-03 3.36698111e-02 -1.35768042e-02 3.49995456e-02 -5.62277115e-03
1.04310694e+00 1.15401763e-01 -4.68084360e-02 3.68866723e-02 -2.03371803e-02 3.74872332e-02 -1.33257529e-02
1.07378655e+00 1.18110192e-01 -8.02798341e-02 4.00720326e-02 -2.68681252e-02 4.00140292e-02 -2.08682469e-02
1.10446617e+00 1.17027164e-01 -1.01846419e-01 4.37359301e-02 -3.33851146e-02 4.28756215e-02 -2.82108800e-02
1.13514578e+00 1.12496526e-01 -1.09370626e-01 4.84842938e-02 -4.06284190e-02 4.63915769e-02 -3.56832608e-02
1.16582540e+00 1.05505308e-01 -1.05505161e-01 5.47325508e-02 -4.93564793e-02 5.07421781e-02 -4.36284829e-02
1.19650501e+00 9.77987600e-02 -9.61079688e-02 6.24914104e-02 -5.96895593e-02 5.58767163e-02 -5.19964588e-02
1.22718463e+00 9.18551274e-02 -8.74874378e-02 7.13960020e-02 -7.07435788e-02 6.15851572e-02 -6.02371237e-02
1.25786425e+00 9.03603286e-02 -8.38227198e-02 8.09331098e-02 -8.08520247e-02 6.77141413e-02 -6.76472195e-02
1.28854386e+00 9.49684803e-02 -8.58755408e-02 9.07178506e-02 -8.82850066e-02 7.44316136e-02 -7.39427229e-02
1.31922348e+00 1.05397760e-01 -9.13240449e-02 1.00722071e-01 -9.19925211e-02 8.24167368e-02 -7.95440565e-02
1.34990309e+00 1.20106503e-01 -9.61936932e-02 1.11397279e-01 -9.18126054e-02 9.28236340e-02 -8.51369713e-02
1.38058271e+00 1.37587941e-01 -9.64286033e-02 1.23628083e-01 -8.79064757e-02 1.06917876e-01 -9.05419293e-02
1.41126232e+00 1.56989122e-01 -8.88325511e-02 1.38476563e-01 -7.97359909e-02 1.25536880e-01 -9.35172399e-02
1.44194194e+00 1.78093166e-01 -7.12022766e-02 1.56798622e-01 -6.53068000e-02 1.48750625e-01 -8.94044106e-02
1.47262156e+00 2.01078415e-01 -4.20296830e-02 1.78950422e-01 -4.13360232e-02 1.75920405e-01 -7.22024713e-02
1.50330117e+00 2.26288961e-01 -3.00845547e-04 2.04772005e-01 -4.44227752e-03 2.06020491e-01 -3.68246507e-02
1.53398079e+00 2.54120507e-01 5.43591314e-02 2.33842453e-01 4.72544538e-02 2.38028115e-01 1.85581068e-02
1.56466040e+00 2.85044474e-01 1.21346175e-01 2.65860358e-01 1.13075726e-01 2.71295541e-01 9.14290258e-02
1.59534002e+00 3.19717132e-01 1.98823891e-01 3.00996390e-01 1.89865366e-01 3.05869531e-01 1.75769204e-01
1.62601964e+00 3.59067747e-01 2.83561822e-01 3.40099042e-01 2.72901564e-01 3.42695220e-01 2.64222831e-01
1.65669925e+00 4.04257857e-01 3.70452077e-01 3.84656851e-01 3.56509061e-01 3.83595069e-01 3.49882189e-01
1.68737887e+00 4.56461110e-01 4.51232918e-01 4.36469331e-01 4.33212610e-01 4.30921013e-01 4.25965575e-01
1.71805848e+00 5.16509054e-01 5.12579987e-01 4.97093242e-01 4.91337218e-01 4.86899328e-01 4.83016408e-01
1.74873810e+00 5.84527976e-01 5.34842601e-01 5.67258526e-01 5.12648223e-01 5.52882997e-01 5.05386281e-01
1.77941771e+00 6.59698604e-01 4.93538805e-01 6.46471740e-01 4.72833508e-01 6.28817297e-01 4.70355265e-01
1.81009733e+00 7.40204408e-01 3.65372751e-01 7.32911531e-01 3.47238864e-01 7.13093050e-01 3.52969231e-01
1.84077695e+00 8.23353579e-01 1.38610221e-01 8.23577707e-01 1.21910366e-01 8.02739740e-01 1.37102392e-01
1.87145656e+00 9.05815823e-01 -1.75258571e-01 9.14590392e-01 -1.93475797e-01 8.93799408e-01 -1.70665713e-01
1.90213618e+00 9.83912303e-01 -5.34021647e-01 1.00154919e+00 -5.56971147e-01 9.81747910e-01 -5.30981182e-01
1.93281579e+00 1.05391307e+00 -8.67033621e-01 1.07989971e+00 -8.96303515e-01 1.06189758e+00 -8.72443070e-01
1.96349541e+00 1.11231279e+00 -1.09000944e+00 1.14528113e+00 -1.12438211e+00 1.12975959e+00 -1.10667979e+00
1.99417502e+00 1.15606693e+00 -1.12979102e+00 1.19383931e+00 -1.16548167e+00 1.18135947e+00 -1.15510078e+00
2.02485464e+00 1.18277788e+00 -9.51174649e-01 1.22249279e+00 -9.83436095e-01 1.21350016e+00 -9.78381353e-01
2.05553426e+00 1.19082544e+00 -5.75149796e-01 1.22913972e+00 -6.00435642e-01 1.22396504e+00 -5.96667036e-01
2.08621387e+00 1.17944081e+00 -7.96859683e-02 1.21279547e+00 -9.72274784e-02 1.21165269e+00 -9.06523902e-02
2.11689349e+00 1.14872625e+00 4.19643887e-01 1.17365373e+00 4.07716410e-01 1.17663711e+00 4.19279936e-01
2.14757310e+00 1.09962548e+00 8.03774328e-01 1.11306880e+00 7.93886400e-01 1.12015098e+00 8.09631766e-01
2.17825272e+00 1.03385168e+00 9.87044460e-01 1.03346151e+00 9.76502121e-01 1.04449410e+00 9.92866889e-01
2.20893233e+00 9.53780268e-01 9.43157701e-01 9.38157039e-01 9.32164683e-01 9.52874556e-01 9.44208927e-01
2.23961195e+00 8.62314243e-01 7.10499473e-01 8.31167532e-01 7.02817695e-01 8.49194979e-01 7.06111160e-01
2.27029157e+00 7.62729307e-01 3.75289063e-01 7.16936675e-01 3.77148603e-01 7.37800544e-01 3.69374515e-01
2.30097118e+00 6.58506240e-01 3.97950865e-02 6.00066353e-01 5.75015852e-02 6.23208144e-01 3.91814884e-02
2.33165080e+00 5.53158006e-01 -2.11673227e-01 4.85047622e-01 -1.74379352e-01 5.09838156e-01 -2.00213432e-01
2.36233041e+00 4.50059644e-01 -3.36341623e-01 3.76020299e-01 -2.80032651e-01 4.01770980e-01 -3.08955549e-01
2.39301003e+00 3.52289526e-01 -3.38718080e-01 2.76591398e-01 -2.68433722e-01 3.02552206e-01 -2.96007302e-01
2.42368964e+00 2.62491019e-01 -2.58930692e-01 1.89767718e-01 -1.82763294e-01 2.15078591e-01 -2.05646499e-01
2.45436926e+00 1.82763994e-01 -1.50843581e-01 1.18176907e-01 -7.76190485e-02 1.41636007e-01 -9.40839834e-02
2.48504888e+00 1.14598408e-01 -6.00633800e-02 6.53861272e-02 2.93823957e-03 8.43442069e-02 -6.88830594e-03
2.51572849e+00 5.88896339e-02 -1.02541548e-02 4.05971590e-02 3.82452159e-02 4.70129937e-02 3.42816694e-02
2.54640811e+00 1.66572989e-02 -1.24847803e-03 4.61206376e-02 3.17690468e-02 3.64090792e-02 3.25040276e-02
2.57708772e+00 1.80496757e-02 -1.69188578e-02 5.68393291e-02 2.24100799e-03 4.24914672e-02 6.56276395e-03
2.60776734e+00 3.77293837e-02 -3.71662070e-02 6.14562405e-02 -2.88580647e-02 4.73628494e-02 -2.18435428e-02
2.63844696e+00 4.86013130e-02 -4.79282263e-02 5.93295795e-02 -4.73232073e-02 4.65718734e-02 -3.83621302e-02
2.66912657e+00 5.19931499e-02 -4.54094943e-02 5.22989313e-02 -5.01245171e-02 4.09116754e-02 -3.99845117e-02
2.69980619e+00 5.00474210e-02 -3.42136870e-02 4.30942431e-02 -4.30784621e-02 3.27234139e-02 -3.26716871e-02
2.73048580e+00 4.53311300e-02 -2.19106435e-02 3.51601055e-02 -3.49783900e-02 2.55849834e-02 -2.53494740e-02
2.76116542e+00 4.08356907e-02 -1.36338689e-02 3.20518297e-02 -3.18385254e-02 2.40322085e-02 -2.40096380e-02
2.79184503e+00 3.94725092e-02 -9.46355722e-03 3.44866626e-02 -3.40187121e-02 2.87889976e-02 -2.87514071e-02
2.82252465e+00 4.24142668e-02 -5.38079336e-03 3.94290506e-02 -3.70482754e-02 3.57797370e-02 -3.46135070e-02
2.85320427e+00 4.83198048e-02 3.38753250e-03 4.38421734e-02 -3.50387787e-02 4.19551943e-02 -3.50813954e-02
2.88388388e+00 5.50497900e-02 1.88612015e-02 4.62242395e-02 -2.45107951e-02 4.60763462e-02 -2.60642529e-02
2.91456350e+00 6.10573228e-02 3.86512162e-02 4.61854513e-02 -6.57192821e-03 4.78640317e-02 -8.23697556e-03
2.94524311e+00 6.55310135e-02 5.69688065e-02 4.40290546e-02 1.35541774e-02 4.75871701e-02 1.32959565e-02
2.97592273e+00 6.82055880e-02 6.75982230e-02 4.05208887e-02 2.92142342e-02 4.58706569e-02 3.16181591e-02
3.00660234e+00 6.92285999e-02 6.70673314e-02 3.67142621e-02 3.56615246e-02 4.35559919e-02 4.13603514e-02
3.03728196e+00 6.91219166e-02 5.61547259e-02 3.37259973e-02 3.21658105e-02 4.15643095e-02 4.09314290e-02
3.06796158e+00 6.88151968e-02 3.88147762e-02 3.24505363e-02 2.17013420e-02 4.07848852e-02 3.24079790e-02
3.09864119e+00 6.96777429e-02 1.91404938e-02 3.34564283e-02 8.40543838e-03 4.20695204e-02 1.92303425e-02
3.12932081e+00 7.33682175e-02 -1.68362539e-03 3.73457143e-02 -5.58507088e-03 4.63398236e-02 3.24928445e-03
3.16000042e+00 8.13399326e-02 -2.61738989e-02 4.51275664e-02 -2.16870481e-02 5.45899447e-02 -1.67095869e-02
3.19068004e+00 9.42656010e-02 -5.79117823e-02 5.78915083e-02 -4.32791876e-02 6.76158311e-02 -4.32751159e-02
3.22135965e+00 1.11928136e-01 -9.64383578e-02 7.61653808e-02 -7.13126883e-02 8.57140575e-02 -7.63101352e-02
3.25203927e+00 1.33560082e-01 -1.32717612e-01 9.97165361e-02 -9.96266055e-02 1.08611390e-01 -1.08507738e-01
3.28271889e+00 1.58191775e-01 -1.48890924e-01 1.27708426e-01 -1.13564262e-01 1.35554372e-01 -1.24327302e-01
3.31339850e+00 1.84836036e-01 -1.24491806e-01 1.58890587e-01 -9.44956260e-02 1.65431500e-01 -1.04783469e-01
3.34407812e+00 2.12581420e-01 -4.78247933e-02 1.91761368e-01 -2.97956889e-02 1.96905440e-01 -3.75539896e-02
3.37475773e+00 2.40670290e-01 7.25590600e-02 2.24741275e-01 7.59447112e-02 2.28572022e-01 7.18683928e-02
3.40543735e+00 2.68584631e-01 2.03201252e-01 2.56377770e-01 1.95019037e-01 2.59153590e-01 1.94524029e-01
3.43611696e+00 2.96129009e-01 2.93058488e-01 2.85578282e-01 2.81569278e-01 2.87718824e-01 2.83331184e-01
3.46679658e+00 3.23484398e-01 2.92712905e-01 3.11850684e-01 2.88351481e-01 3.13905863e-01 2.90259888e-01
3.49747620e+00 3.51200781e-01 1.78737459e-01 3.35510234e-01 1.89783271e-01 3.38105663e-01 1.89685443e-01
3.52815581e+00 3.80101669e-01 -2.80828793e-02 3.57782679e-01 7.47853164e-04 3.61535880e-01 -2.72244476e-03
3.55883543e+00 4.11095349e-01 -2.61463583e-01 3.80703383e-01 -2.19748152e-01 3.86114307e-01 -2.26541906e-01
3.58951504e+00 4.44924697e-01 -4.29696186e-01 4.06721735e-01 -3.85511581e-01 4.14063690e-01 -3.93995579e-01
3.62019466e+00 4.81923126e-01 -4.51606857e-01 4.38030525e-01 -4.16683177e-01 4.47291641e-01 -4.24063227e-01
3.65087428e+00 5.21852043e-01 -2.94070856e-01 4.75840119e-01 -2.76710175e-01 4.86757709e-01 -2.79975019e-01
3.68155389e+00 5.63863994e-01 6.27123831e-03 5.19930555e-01 4.28507498e-03 5.32107802e-01 7.18676708e-03
3.71223351e+00 6.06585843e-01 3.49298766e-01 5.68668417e-01 3.32732029e-01 5.81711702e-01 3.41911030e-01
3.74291312e+00 6.48280501e-01 6.06163969e-01 6.19393357e-01 5.83406043e-01 6.33010332e-01 5.96669620e-01
3.77359274e+00 6.87038353e-01 6.69790390e-01 6.68938261e-01 6.48532944e-01 6.82976052e-01 6.61876188e-01
3.80427235e+00 7.20961758e-01 5.00098650e-01 7.14103024e-01 4.83853529e-01 7.28537597e-01 4.92727014e-01
3.83495197e+00 7.48322598e-01 1.43927498e-01 7.52013476e-01 1.31127560e-01 7.66910100e-01 1.32073526e-01
3.86563159e+00 7.67685134e-01 -2.80045687e-01 7.80363969e-01 -2.94017684e-01 7.95825121e-01 -3.01971755e-01
3.89631120e+00 7.77993124e-01 -6.25907553e-01 7.97561129e-01 -6.44994480e-01 8.13672849e-01 -6.59765557e-01
3.92699082e+00 7.78623136e-01 -7.76161648e-01 8.02784859e-01 -8.00361144e-01 8.19569065e-01 -8.17363351e-01
3.95767043e+00 7.69407083e-01 -6.85234415e-01 7.95978570e-01 -7.09688526e-01 8.13357049e-01 -7.23372458e-01
3.98835005e+00 7.50627436e-01 -3.93339503e-01 7.77779411e-01 -4.10407117e-01 7.95553861e-01 -4.16234262e-01
4.01902966e+00 7.22988711e-01 -6.50102392e-03 7.49400691e-01 -9.78786356e-03 7.67251702e-01 -5.87860697e-03
4.04970928e+00 6.87568899e-01 3.46935305e-01 7.12481434e-01 3.58739878e-01 7.29987155e-01 3.70944817e-01
4.08038890e+00 6.45754541e-01 5.63902102e-01 6.68920440e-01 5.85518965e-01 6.85592985e-01 6.01858325e-01
4.11106851e+00 5.99163145e-01 5.99060226e-01 6.20713426e-01 6.20416956e-01 6.36048037e-01 6.35632000e-01
4.14174813e+00 5.49556596e-01 4.71353364e-01 5.69810722e-01 4.81940551e-01 5.83339960e-01 4.91664249e-01
4.17242774e+00 4.98749059e-01 2.46107155e-01 5.18009220e-01 2.39790190e-01 5.29352724e-01 2.42103704e-01
4.20310736e+00 4.48512519e-01 3.99479016e-03 4.66885580e-01 -1.81110221e-02 4.75786183e-01 -2.21556520e-02
4.23378697e+00 4.00482481e-01 -1.88434925e-01 4.17768838e-01 -2.18475207e-01 4.24108559e-01 -2.25520777e-01
4.26446659e+00 3.56065760e-01 -2.95669876e-01 3.71741091e-01 -3.22712056e-01 3.75535702e-01 -3.28610400e-01
4.29514621e+00 3.16352559e-01 -3.14443583e-01 3.29647539e-01 -3.29495002e-01 3.31024793e-01 -3.31004030e-01
4.32582582e+00 2.82038201e-01 -2.63619296e-01 2.92095049e-01 -2.63572950e-01 2.91267033e-01 -2.59546495e-01
4.35650544e+00 2.53367208e-01 -1.70759481e-01 2.59425343e-01 -1.59423009e-01 2.56666828e-01 -1.51071144e-01
4.38718505e+00 2.30121440e-01 -6.21894978e-02 2.31667101e-01 -4.80293922e-02 2.27306870e-01 -3.82474071e-02
4.41786467e+00 2.11674057e-01 4.09200132e-02 2.08497057e-01 4.90906895e-02 2.02918796e-01 5.69498069e-02
4.44854428e+00 1.97111069e-01 1.22237294e-01 1.89257131e-01 1.19480295e-01 1.82896903e-01 1.22840926e-01
4.47922390e+00 1.85389350e-01 1.69381085e-01 1.73059387e-01 1.56789021e-01 1.66386848e-01 1.54626031e-01
4.50990352e+00 1.75482036e-01 1.74996112e-01 1.58960835e-01 1.58917782e-01 1.52442465e-01 1.51861764e-01
4.54058313e+00 1.66476832e-01 1.39559251e-01 1.46143649e-01 1.28465310e-01 1.40197793e-01 1.18338110e-01
4.57126275e+00 1.57624154e-01 7.34436350e-02 1.34033992e-01 7.40467262e-02 1.28990049e-01 6.31288376e-02
4.60194236e+00 1.48352869e-01 -4.39644224e-03 1.22330278e-01 1.00353534e-02 1.18399941e-01 3.97285053e-04
4.63262198e+00 1.38272603e-01 -7.18290365e-02 1.10953025e-01 -4.66460997e-02 1.08217259e-01 -5.35379200e-02
4.66330160e+00 1.27172117e-01 -1.11099281e-01 9.99508587e-02 -8.18523171e-02 9.83644593e-02 -8.52285314e-02
4.69398121e+00 1.15013919e-01 -1.15012148e-01 8.94017798e-02 -8.91109241e-02 8.88156482e-02 -8.88078650e-02
4.72466083e+00 1.01921062e-01 -8.87222398e-02 7.93432017e-02 -7.14825952e-02 7.95403100e-02 -6.78226628e-02
4.75534044e+00 8.81522516e-02 -4.63767528e-02 6.97504759e-02 -3.93939117e-02 7.04856955e-02 -3.31315396e-02
4.78602006e+00 7.40638238e-02 -4.49568968e-03 6.05623837e-02 -5.65708482e-03 6.15930163e-02 2.02382088e-03
4.81669967e+00 6.00598066e-02 2.45613839e-02 5.17300983e-02 1.97006891e-02 5.28271022e-02 2.72330132e-02
4.84737929e+00 4.65334237e-02 3.61451591e-02 4.32551385e-02 3.23666995e-02 4.41941025e-02 3.79908108e-02
4.87805891e+00 3.38051005e-02 3.29126972e-02 3.51884140e-02 3.35398047e-02 3.57292326e-02 3.56674717e-02
4.90873852e+00 2.20647517e-02 2.16357753e-02 2.75847819e-02 2.75263832e-02 2.74532098e-02 2.51983500e-02
4.93941814e+00 1.13355680e-02 9.48795200e-03 2.04471411e-02 1.90282387e-02 1.93193268e-02 1.23009084e-02
4.97009775e+00 1.79041326e-03 1.67321383e-03 1.37909321e-02 1.16357927e-02 1.12216545e-02 1.71872341e-03
5.00077737e+00 8.27497398e-03 8.68502484e-04 8.47872016e-03 7.76021363e-03 3.86334710e-03 -3.20254360e-03
5.03145698e+00 1.77053595e-02 7.64771914e-03 9.27828222e-03 9.06375815e-03 8.16463340e-03 -4.17113296e-04
5.06213660e+00 2.75562446e-02 2.07130346e-02 1.70724804e-02 1.62325002e-02 1.83117700e-02 1.04221303e-02
5.09281622e+00 3.80897102e-02 3.64923676e-02 2.78765242e-02 2.77963811e-02 2.99410123e-02 2.68571973e-02
5.12349583e+00 4.94174592e-02 4.87883802e-02 4.05275643e-02 3.89462756e-02 4.27693306e-02 4.27519077e-02
5.15417545e+00 6.14838268e-02 4.97182767e-02 5.44767160e-02 4.19113536e-02 5.64936694e-02 4.91099620e-02
5.18485506e+00 7.40969361e-02 3.26076288e-02 6.91609302e-02 2.88213085e-02 7.06873020e-02 3.73432083e-02
5.21553468e+00 8.69729934e-02 -3.93836686e-03 8.39651885e-02 -3.66703385e-03 8.48510140e-02 4.10983976e-03
5.24621429e+00 9.97790736e-02 -5.29145920e-02 9.82807709e-02 -5.03312638e-02 9.84856666e-02 -4.47147603e-02
5.27689391e+00 1.12168860e-01 -9.91095199e-02 1.11577411e-01 -9.67330278e-02 1.11162149e-01 -9.37022331e-02
5.30757353e+00 1.23810449e-01 -1.23678119e-01 1.23465367e-01 -1.23463647e-01 1.22576321e-01 -1.22537591e-01
5.33825314e+00 1.34406959e-01 -1.11866074e-01 1.33734742e-01 -1.14255709e-01 1.32579733e-01 -1.14468966e-01
5.36893276e+00 1.43710902e-01 -6.06054741e-02 1.42363363e-01 -6.44919152e-02 1.41179494e-01 -6.49242552e-02
5.39961237e+00 1.51533031e-01 1.78629261e-02 1.49488517e-01 1.42389137e-02 1.48504844e-01 1.40876907e-02
5.43029199e+00 1.57746180e-01 9.87523236e-02 1.55344228e-01 9.65010331e-02 1.54744769e-01 9.66509953e-02
5.46097160e+00 1.62284560e-01 1.53423288e-01 1.60175105e-01 1.52101681e-01 1.60069833e-01 1.52321363e-01
5.49165122e+00 1.65139122e-01 1.60644321e-01 1.64147707e-01 1.58349290e-01 1.64559022e-01 1.58479120e-01
5.52233084e+00 1.66349832e-01 1.15588803e-01 1.67285403e-01 1.10066289e-01 1.68153825e-01 1.10191458e-01
5.55301045e+00 1.65995953e-01 3.25107080e-02 1.69447351e-01 2.26602839e-02 1.70653859e-01 2.29903916e-02
5.58369007e+00 1.64185580e-01 -6.02602683e-02 1.70356855e-01 -7.34091410e-02 1.71753903e-01 -7.28906117e-02
5.61436968e+00 1.61045659e-01 -1.31006464e-01 1.69667043e-01 -1.44522675e-01 1.71108864e-01 -1.44387190e-01
5.64504930e+00 1.56713546e-01 -1.56551300e-01 1.67041816e-01 -1.67019943e-01 1.68407294e-01 -1.68401453e-01
5.67572892e+00 1.51330779e-01 -1.30556686e-01 1.62230568e-01 -1.35927215e-01 1.63436180e-01 -1.40055961e-01
5.70640853e+00 1.45039373e-01 -6.50152353e-02 1.55122438e-01 -6.57772244e-02 1.56126199e-01 -7.31704004e-02
5.73708815e+00 1.37980479e-01 1.52706075e-02 1.45774306e-01 1.63840190e-02 1.46573311e-01 6.67701551e-03
5.76776776e+00 1.30295000e-01 8.25765792e-02 1.34413118e-01 8.23365658e-02 1.35037523e-01 7.29520140e-02
5.79844738e+00 1.22125557e-01 1.16341508e-01 1.21416727e-01 1.13312532e-01 1.21922585e-01 1.07954130e-01
5.82912699e+00 1.13619229e-01 1.09606374e-01 1.07278975e-01 1.05631955e-01 1.07741822e-01 1.07710171e-01
5.85980661e+00 1.04930564e-01 6.98098120e-02 9.25651015e-02 6.96642967e-02 9.30759231e-02 8.07044385e-02
5.89048623e+00 9.62245928e-02 1.43606834e-02 7.78631955e-02 2.34757550e-02 7.85284781e-02 4.20229607e-02
5.92116584e+00 8.76797256e-02 -3.66658977e-02 6.37366540e-02 -1.54105627e-02 6.46847160e-02 6.21260026e-03
5.95184546e+00 7.94905508e-02 -6.76401437e-02 5.06815418e-02 -3.64383116e-02 5.20778462e-02 -1.78864103e-02
5.98252507e+00 7.18703656e-02 -7.18110039e-02 3.90913754e-02 -3.83183346e-02 4.11646511e-02 -2.85963660e-02
6.01320469e+00 6.50524382e-02 -5.20088703e-02 2.92301837e-02 -2.70881609e-02 3.23040783e-02 -2.94483615e-02
6.04388430e+00 5.92869750e-02 -1.81189761e-02 2.12129581e-02 -1.16734026e-02 2.57146927e-02 -2.56171242e-02
6.07456392e+00 5.48276363e-02 1.71439302e-02 1.49923297e-02 5.71757944e-04 2.13751579e-02 -2.08700547e-02
6.10524354e+00 5.19002141e-02 4.24229952e-02 1.03565441e-02 6.39941503e-03 1.89107457e-02 -1.63745407e-02
6.13592315e+00 5.06541489e-02 5.06330640e-02 6.96313731e-03 6.64784662e-03 1.76626912e-02 -1.14233774e-02
6.16660277e+00 5.11176372e-02 4.01719539e-02 4.45441344e-03 4.36430001e-03 1.69772161e-02 -5.10605569e-03
6.19728238e+00 5.31886975e-02 1.46675282e-02 2.71922083e-03 2.47307717e-03 1.64183412e-02 2.33729539e-03
6.22796200e+00 5.66711036e-02 -1.82360003e-02 2.31667831e-03 2.25919917e-03 1.57678789e-02 9.28071466e-03
6.25864161e+00 6.13269569e-02 -4.86610782e-02 3.29607398e-03 3.20920960e-03 1.49358055e-02 1.35750753e-02
6.28932123e+00 6.69133148e-02 -6.66938694e-02 4.56903721e-03 3.91677367e-03 1.38864620e-02 1.38244777e-02
6.32000085e+00 7.31945872e-02 -6.49046040e-02 5.61885331e-03 3.26962164e-03 1.26040174e-02 1.02329719e-02
6.35068046e+00 7.99406370e-02 -4.08594713e-02 6.25430958e-03 1.16917104e-03 1.10865265e-02 4.53274405e-03
6.38136008e+00 8.69221354e-02 1.11923434e-03 6.40105123e-03 -1.53310403e-03 9.35256363e-03 -9.05200855e-04
6.41203969e+00 9.39091752e-02 4.99286288e-02 6.06453709e-03 -3.68253804e-03 7.44836253e-03 -4.22004792e-03
6.44271931e+00 1.00674247e-01 9.01120785e-02 5.32233707e-03 -4.55222453e-03 5.44947586e-03 -4.82849551e-03
6.47339892e+00 1.06998300e-01 1.06587133e-01 4.32551897e-03 -4.20257320e-03 3.45649767e-03 -3.45497631e-03
6.50407854e+00 1.12678035e-01 9.03530706e-02 3.31954842e-03 -3.31364472e-03 1.59361308e-03 -1.51442627e-03
6.53475816e+00 1.17532910e-01 4.29680243e-02 2.68087780e-03 -2.67420246e-03 4.10360398e-04 -2.71381615e-04
6.56543777e+00 1.21410974e-01 -2.24266313e-02 2.72096385e-03 -2.68806956e-03 1.53136481e-03 -2.52455169e-04
6.59611739e+00 1.24193241e-01 -8.46500085e-02 3.20701523e-03 -3.19417213e-03 2.49125961e-03 -1.17297610e-03
6.62679700e+00 1.25796783e-01 -1.21809510e-01 3.69313585e-03 -3.66492027e-03 3.06493855e-03 -2.31329479e-03
6.65747662e+00 1.26176852e-01 -1.19761859e-01 3.93223354e-03 -3.60895778e-03 3.26800963e-03 -3.04414111e-03
6.68815624e+00 1.25328248e-01 -7.81765799e-02 3.83915997e-03 -2.90174131e-03 3.18284420e-03 -3.17220247e-03
6.71883585e+00 1.23285836e-01 -1.13622534e-02 3.42753955e-03 -1.84506497e-03 2.96386341e-03 -2.94030898e-03
6.74951547e+00 1.20123684e-01 5.68731021e-02 2.79288738e-03 -9.46268067e-04 2.83067453e-03 -2.74846366e-03
6.78019508e+00 1.15952008e-01 1.02419355e-01 2.13891712e-03 -5.82329050e-04 2.97133492e-03 -2.81852582e-03
6.81087470e+00 1.10911003e-01 1.10293415e-01 1.83443348e-03 -7.69385625e-04 3.37916187e-03 -3.02692034e-03
6.84155431e+00 1.05161042e-01 8.02527800e-02 2.13376459e-03 -1.17304373e-03 3.87960903e-03 -2.99733004e-03
6.87223393e+00 9.88694965e-02 2.62057047e-02 2.74093283e-03 -1.33464623e-03 4.28676339e-03 -2.37438850e-03
6.90291355e+00 9.21956395e-02 -3.01753763e-02 3.30822385e-03 -9.57997417e-04 4.46871620e-03 -1.09456307e-03
6.93359316e+00 8.52763912e-02 -6.86352966e-02 3.66905845e-03 -7.68198022e-05 4.34824417e-03 5.15674970e-04
6.96427278e+00 7.82165626e-02 -7.81683547e-02 3.76441008e-03 9.89142327e-04 3.89366137e-03 1.87360970e-03
6.99495239e+00 7.10871665e-02 -6.01985818e-02 3.60438114e-03 1.84505508e-03 3.11101735e-03 2.43100967e-03
7.02563201e+00 6.39339280e-02 -2.61630889e-02 3.25862245e-03 2.25687967e-03 2.03716074e-03 1.96516226e-03
7.05631162e+00 5.67956567e-02 8.78986777e-03 2.85645387e-03 2.26745252e-03 7.33664325e-04 7.20812087e-04
7.08699124e+00 4.97296768e-02 3.26463284e-02 2.57580000e-03 2.13400203e-03 7.30321199e-04 -6.65872851e-04
7.11767086e+00 4.28403676e-02 4.07133589e-02 2.56205786e-03 2.14273926e-03 2.25359754e-03 -1.42596275e-03
7.14835047e+00 3.63074313e-02 3.56486504e-02 2.79314018e-03 2.42617380e-03 3.75224315e-03 -9.86635075e-04
7.17903009e+00 3.04104993e-02 2.40990233e-02 3.10974403e-03 2.89503877e-03 5.13292788e-03 7.65007281e-04
7.20970970e+00 2.55368393e-02 1.23112661e-02 3.36281459e-03 3.31492680e-03 6.30745283e-03 3.38890943e-03
7.24038932e+00 2.21207906e-02 3.22906364e-03 3.47186361e-03 3.46478747e-03 7.19543642e-03 6.01311196e-03
7.27106893e+00 2.04269162e-02 -3.64253162e-03 3.42042324e-03 3.26953428e-03 7.72814044e-03 7.63871930e-03
7.30174855e+00 2.02646523e-02 -1.01178441e-02 3.24299555e-03 2.82633510e-03 7.85306315e-03 7.53180101e-03
7.33242817e+00 2.10263505e-02 -1.67536896e-02 3.01115943e-03 2.32016902e-03 7.53964117e-03 5.56080272e-03
7.36310778e+00 2.20618977e-02 -2.16851618e-02 2.81071055e-03 1.89611087e-03 6.78680694e-03 2.33387732e-03
7.39378740e+00 2.29376901e-02 -2.16554875e-02 2.70219613e-03 1.57737351e-03 5.63566827e-03 -9.57861921e-04
7.42446701e+00 2.34646878e-02 -1.45018317e-02 2.68241239e-03 1.27919600e-03 4.20385900e-03 -2.97863957e-03
7.45514663e+00 2.36375553e-02 -1.36190452e-03 2.68913443e-03 8.99295577e-04 2.83451346e-03 -2.82431161e-03
7.48582624e+00 2.35642431e-02 1.30056618e-02 2.64731896e-03 4.14064484e-04 2.56127857e-03 -4.95668600e-04
7.51650586e+00 2.33983163e-02 2.22354896e-02 2.51020074e-03 -9.03541271e-05 3.92321944e-03 2.97442550e-03
7.54718548e+00 2.32745636e-02 2.16808639e-02 2.27768244e-03 -4.74016452e-04 5.86238177e-03 5.86237575e-03
7.57786509e+00 2.32581327e-02 1.11429123e-02 2.00324002e-03 -6.45420419e-04 7.80240115e-03 6.47638029e-03
7.60854471e+00 2.33240644e-02 -4.65630764e-03 1.79265136e-03 -6.36263814e-04 9.50910959e-03 3.96757623e-03
7.63922432e+00 2.33737415e-02 -1.82688110e-02 1.76012595e-03 -5.93479848e-04 1.08526907e-02 -1.15269156e-03
7.66990394e+00 2.32745793e-02 -2.32717713e-02 1.92011870e-03 -6.90028335e-04 1.17663416e-02 -7.07879235e-03
7.70058356e+00 2.29003742e-02 -1.75500010e-02 2.16614899e-03 -1.01190901e-03 1.22442361e-02 -1.13950454e-02
7.73126317e+00 2.21577706e-02 -4.31564263e-03 2.37549233e-03 -1.49630192e-03 1.23455110e-02 -1.21116003e-02
7.76194279e+00 2.09967316e-02 9.68453158e-03 2.46852410e-03 -1.96310641e-03 1.21944218e-02 -8.58891979e-03
7.79262240e+00 1.94099011e-02 1.77740330e-02 2.41199703e-03 -2.22140344e-03 1.19677761e-02 -1.90874390e-03
7.82330202e+00 1.74274338e-02 1.67840888e-02 2.21316983e-03 -2.18378985e-03 1.18578224e-02 5.50731760e-03
7.85398163e+00 1.51138465e-02 8.47578081e-03 1.91753761e-03 -1.91680362e-03 1.20074308e-02 1.08775287e-02
7.88466125e+00 1.25751242e-02 -1.75101651e-03 1.61101569e-03 -1.59718587e-03 1.24475656e-02 1.21977322e-02
7.91534087e+00 9.99306252e-03 -8.05327076e-03 1.41448694e-03 -1.40371309e-03 1.30885569e-02 9.02385567e-03
7.94602048e+00 7.72952213e-03 -7.41732559e-03 1.41762397e-03 -1.41368583e-03 1.37726020e-02 2.56447356e-03
7.97670010e+00 6.51512479e-03 -1.19914138e-03 1.57571974e-03 -1.56726869e-03 1.43405146e-02 -4.91521948e-03
8.00737971e+00 7.11592925e-03 5.86227655e-03 1.76491735e-03 -1.71719332e-03 1.46753840e-02 -1.10574026e-02
8.03805933e+00 9.19701571e-03 8.53206257e-03 1.89387168e-03 -1.72681593e-03 1.47201111e-02 -1.42812314e-02
8.06873894e+00 1.19148717e-02 4.20781659e-03 1.92548393e-03 -1.55156398e-03 1.44784847e-02 -1.41922534e-02
8.09941856e+00 1.47640659e-02 -5.46348648e-03 1.86594313e-03 -1.25404772e-03 1.40065759e-02 -1.14325343e-02
8.13009818e+00 1.74895374e-02 -1.53662886e-02 1.75481655e-03 -9.49360618e-04 1.33966893e-02 -7.15551432e-03
8.16077779e+00 1.99463429e-02 -1.96576429e-02 1.65290625e-03 -7.22559026e-04 1.27541779e-02 -2.45903620e-03
8.19145741e+00 2.20459589e-02 -1.49786615e-02 1.61638859e-03 -5.75325946e-04 1.21690048e-02 1.93816617e-03
8.22213702e+00 2.37375155e-02 -2.41592255e-03 1.66006728e-03 -4.35256696e-04 1.16892667e-02 5.68557561e-03
8.25281664e+00 2.49996559e-02 1.28243245e-02 1.74740546e-03 -2.16843038e-04 1.13089213e-02 8.57698941e-03
8.28349625e+00 2.58350213e-02 2.38634083e-02 1.82216889e-03 1.11200409e-04 1.09779240e-02 1.03404291e-02
8.31417587e+00 2.62651526e-02 2.54737676e-02 1.84156414e-03 4.99513231e-04 1.06291354e-02 1.06179610e-02
8.34485549e+00 2.63257470e-02 1.66216958e-02 1.78922323e-03 8.49434289e-04 1.02066851e-02 9.15352961e-03
8.37553510e+00 2.60629677e-02 1.00090097e-03 1.67628670e-03 1.07836053e-03 9.68405472e-03 6.05099403e-03
8.40621472e+00 2.55315606e-02 -1.46605801e-02 1.53793605e-03 1.17260328e-03 9.06934866e-03 1.90935653e-03
8.43689433e+00 2.47951096e-02 -2.36710690e-02 1.42388496e-03 1.19125768e-03 8.40062416e-03 -2.28394342e-03
8.46757395e+00 2.39280111e-02 -2.23659647e-02 1.37577575e-03 1.21952322e-03 7.73483351e-03 -5.47188747e-03
8.49825356e+00 2.30177615e-02 -1.16639697e-02 1.39756569e-03 1.30506686e-03 7.13301121e-03 -6.90221731e-03
8.52893318e+00 2.21650388e-02 3.45195230e-03 1.45192764e-03 1.42224843e-03 6.64436235e-03 -6.37235227e-03
8.55961280e+00 2.14781762e-02 1.62160092e-02 1.48919601e-03 1.48912116e-03 6.29368861e-03 -4.24044865e-03
8.59029241e+00 2.10591465e-02 2.10586498e-02 1.47317821e-03 1.42531614e-03 6.07779284e-03 -1.22959345e-03
8.62097203e+00 2.09819825e-02 1.59766317e-02 1.38949325e-03 1.21072509e-03 5.97267742e-03 1.84928640e-03
8.65165164e+00 2.12714832e-02 3.31405163e-03 1.24524723e-03 9.04479755e-04 5.94574996e-03 4.31914487e-03
8.68233126e+00 2.18941422e-02 -1.13140818e-02 1.06722669e-03 6.10993295e-04 5.96459301e-03 5.73614962e-03
8.71301088e+00 2.27673933e-02 -2.14471135e-02 9.00129322e-04 4.15847771e-04 5.99908672e-03 5.89178665e-03
8.74369049e+00 2.37815082e-02 -2.25151483e-02 7.97564059e-04 3.34506978e-04 6.01978051e-03 4.79151313e-03
8.77437011e+00 2.48229117e-02 -1.37578237e-02 7.87884325e-04 3.07755227e-04 5.99687508e-03 2.66073597e-03
8.80504972e+00 2.57914625e-02 1.44531919e-03 8.41253941e-04 2.45991494e-04 5.90195571e-03 -3.84151759e-05
8.83572934e+00 2.66103362e-02 1.69522088e-02 9.00639118e-04 9.18410552e-05 5.71192381e-03 -2.64726846e-03
8.86640895e+00 2.72302457e-02 2.63752227e-02 9.24724788e-04 -1.41015439e-04 5.41328706e-03 -4.46263026e-03
8.89708857e+00 2.76299997e-02 2.57118025e-02 8.96031960e-04 -3.77996142e-04 5.00511723e-03 -4.97969015e-03
8.92776819e+00 2.78146531e-02 1.50138240e-02 8.16057451e-04 -5.34549265e-04 4.49975394e-03 -4.11806774e-03
8.95844780e+00 2.78118072e-02 -1.59443333e-03 7.01631638e-04 -5.72547076e-04 3.92105616e-03 -2.29336015e-03
8.98912742e+00 2.76662520e-02 -1.75680016e-02 5.84559197e-04 -5.24083201e-04 3.30045755e-03 -2.58478235e-04
9.01980703e+00 2.74330805e-02 -2.65910874e-02 5.10399292e-04 -4.67495038e-04 2.67136614e-03 1.23392809e-03
9.05048665e+00 2.71696042e-02 -2.51338825e-02 5.14868211e-04 -4.72936395e-04 2.06291542e-03 1.78074329e-03
9.08116626e+00 2.69268130e-02 -1.38601359e-02 5.82487255e-04 -5.54858073e-04 1.49568832e-03 1.49562353e-03
9.11184588e+00 2.67416145e-02 2.68746436e-03 6.66340489e-04 -6.63157752e-04 9.88813013e-04 8.91169638e-04
9.14252550e+00 2.66313586e-02 1.79698672e-02 7.30578558e-04 -7.17957173e-04 6.25589326e-04 5.35399956e-04
9.17320511e+00 2.65918855e-02 2.60934420e-02 7.57231255e-04 -6.63543380e-04 7.06608279e-04 6.80611020e-04
9.20388473e+00 2.65994579e-02 2.41063653e-02 7.41481120e-04 -5.04844246e-04 1.21240732e-03 1.08998375e-03
9.23456434e+00 2.66158237e-02 1.30301395e-02 6.89085621e-04 -3.02620950e-04 1.89365930e-03 1.17887060e-03
9.26524396e+00 2.65949139e-02 -2.72467437e-03 6.16444055e-04 -1.32027030e-04 2.67266849e-03 4.01752468e-04
9.29592357e+00 2.64896062e-02 -1.72245917e-02 5.51554982e-04 -3.36671467e-05 3.50833446e-03 -1.33881046e-03
9.32660319e+00 2.62574393e-02 -2.53314051e-02 5.28342659e-04 9.62917186e-06 4.35670881e-03 -3.51330580e-03
9.35728281e+00 2.58647552e-02 -2.45343774e-02 5.62936755e-04 5.56043573e-05 5.16779710e-03 -5.14780058e-03
9.38796242e+00 2.52892106e-02 -1.56454656e-02 6.36111836e-04 1.58146468e-04 5.88906755e-03 -5.29472033e-03
9.41864204e+00 2.45208585e-02 -2.22112155e-03 7.13357938e-04 3.26988739e-04 6.47040093e-03 -3.54745241e-03
9.44932165e+00 2.35621435e-02 1.09288002e-02 7.67162127e-04 5.19184332e-04 6.86911910e-03 -3.16561470e-04
9.48000127e+00 2.24272254e-02 1.95032694e-02 7.82423944e-04 6.67542163e-04 7.05447639e-03 3.29443467e-03
9.51068088e+00 2.11410988e-02 2.11057769e-02 7.56601087e-04 7.25745113e-04 7.01117840e-03 5.96367929e-03
9.54136050e+00 1.97389687e-02 1.58618658e-02 7.00560115e-04 6.98838262e-04 6.74159683e-03 6.74007048e-03
9.57204012e+00 1.82662244e-02 6.16015265e-03 6.40042208e-04 6.38378613e-04 6.26649495e-03 5.45341870e-03
9.60271973e+00 1.67790469e-02 -4.30615696e-03 6.11864546e-04 6.06085979e-04 5.62430152e-03 2.75142781e-03
9.63339935e+00 1.53450637e-02 -1.18482164e-02 6.42201010e-04 6.31295865e-04 4.86928608e-03 -2.34172413e-04
9.66407896e+00 1.40423789e-02 -1.40296582e-02 7.20841537e-04 6.91313330e-04 4.06938749e-03 -2.40619453e-03
9.69475858e+00 1.29538451e-02 -1.04731114e-02 8.12650253e-04 7.27654291e-04 3.30467534e-03 -3.14490605e-03
9.72543820e+00 1.21529269e-02 -2.95897496e-03 8.84880698e-04 6.86496657e-04 2.66576534e-03 -2.48067688e-03
9.75611781e+00 1.16814183e-02 5.25146114e-03 9.18236654e-04 5.55407745e-04 2.24206436e-03 -9.59066088e-04
9.78679743e+00 1.15292429e-02 1.06770142e-02 9.08473319e-04 3.71472551e-04 2.07685339e-03 6.83788277e-04
9.81747704e+00 1.16325275e-02 1.10221129e-02 8.66748181e-04 1.95870040e-04 2.11800596e-03 1.84701524e-03
9.84815666e+00 1.18941690e-02 6.16434467e-03 8.19050528e-04 7.28560120e-05 2.26009011e-03 2.24333872e-03
9.87883627e+00 1.22124806e-02 -1.73672639e-03 7.99452420e-04 1.37156294e-06 2.42441939e-03 1.89172064e-03
9.90951589e+00 1.25017845e-02 -9.13342741e-03 8.30602165e-04 -6.16277555e-05 2.57773898e-03 9.93306158e-04
9.94019551e+00 1.27004333e-02 -1.26568550e-02 9.04843237e-04 -1.68959714e-04 2.71424286e-03 -1.98055716e-04
9.97087512e+00 1.27698729e-02 -1.06700189e-02 9.91873289e-04 -3.44547284e-04 2.83716753e-03 -1.43539488e-03
